73
94
16 41 87 63 45 82 3 61 25 55 42 40 77 84 37 26 66 8 89 27 80 78 93 14 52 2 7 83 31 15 74 18 12 22 47 35 59 62 54 50 65 36 38 86 46 68 60 73 76 20 57 75 72 85 33 24 49 28 88 48 81 90 21 6 43 34 79 17 71 19 4 10 13 5 30 53 44 11 58 94 64 23 67 39 32 9 1 92 69 56 51 91 70 29 
87
46 37 48 51 38 44 20 67 85 32 18 41 47 12 66 36 22 35 4 6 39 42 17 45 80 61 8 15 1 33 70 59 87 76 54 55 60 28 77 63 84 68 34 71 14 31 21 40 56 43 9 19 2 65 13 74 26 10 53 49 58 16 75 72 62 30 78 73 5 86 50 7 3 69 57 29 82 83 11 81 24 79 64 52 23 25 27 
74
63 9 56 24 70 45 51 15 31 38 72 26 74 62 34 65 37 11 60 18 57 61 14 46 23 64 22 71 47 39 41 30 40 4 19 33 1 21 69 52 10 53 54 12 68 20 3 27 59 17 6 66 5 2 16 28 49 42 13 25 48 73 50 67 35 32 58 55 7 29 44 8 43 36 
43
5 30 18 3 14 17 10 25 22 24 9 32 21 28 39 13 15 35 29 27 41 16 33 7 26 12 36 43 40 42 38 19 11 4 37 2 23 31 6 20 1 8 34 
24
11 6 2 4 3 21 7 13 15 9 10 8 16 24 22 20 14 5 23 12 18 17 1 19 
3
3 1 2 
21
4 16 6 20 1 15 2 10 9 5 13 8 3 21 17 19 18 11 14 12 7 
87
46 81 29 70 86 47 64 43 7 55 60 21 79 26 45 69 57 52 22 5 56 87 58 2 3 1 61 67 49 53 66 16 80 9 44 33 19 15 62 41 82 35 8 25 32 75 12 37 13 78 59 77 18 72 38 14 11 24 10 23 68 50 39 27 73 51 71 30 74 17 83 65 85 48 40 36 54 76 63 28 84 4 34 31 6 20 42 
87
24 55 46 31 32 16 34 38 4 86 49 3 59 29 42 62 21 54 64 73 61 67 45 30 70 20 51 79 83 37 9 48 84 63 25 22 35 50 43 14 6 68 26 66 5 12 58 60 56 78 77 27 8 7 82 19 71 36 17 39 15 41 76 47 11 53 57 10 1 87 75 44 2 80 40 85 13 18 81 33 72 52 74 28 69 65 23 
96
13 3 77 33 81 76 94 83 52 67 11 78 34 91 84 47 21 63 90 49 88 1 58 28 23 8 80 26 62 93 54 29 30 44 82 66 59 64 95 50 6 86 96 65 40 27 89 92 22 75 2 68 60 51 18 53 10 87 12 16 36 9 72 79 35 45 42 19 32 74 57 56 25 15 73 61 85 69 7 14 39 24 5 48 43 71 55 4 46 31 41 38 17 70 20 37 
99
58 80 8 45 62 9 91 68 35 67 1 20 3 74 16 34 66 85 31 64 83 33 47 87 53 42 97 69 55 76 61 84 90 18 2 17 73 93 82 11 60 59 92 43 12 39 25 57 28 6 38 75 15 94 88 78 54 50 21 56 81 89 5 24 14 36 70 37 77 32 13 95 48 99 71 46 29 40 19 49 10 7 23 44 65 52 27 41 51 98 26 79 30 63 22 4 72 86 96 
89
72 63 30 70 8 56 54 35 18 42 88 89 68 10 48 73 64 34 75 13 57 2 46 38 11 47 86 58 40 66 77 37 15 78 12 1 74 67 65 29 49 53 22 23 21 27 43 79 51 3 25 19 55 6 50 31 45 80 62 60 32 28 61 17 7 44 16 52 83 33 5 87 4 81 41 85 69 59 76 71 36 20 39 14 9 82 24 84 26 
99
70 65 62 69 67 68 26 29 89 50 5 19 75 82 31 43 61 3 77 21 98 64 85 99 41 37 33 60 17 81 90 36 96 86 24 47 59 20 38 44 52 11 10 87 7 8 16 32 18 95 34 1 42 94 22 9 73 14 88 80 40 91 57 92 56 51 58 35 13 45 76 66 15 4 78 28 49 48 27 12 55 23 46 97 83 25 53 93 54 71 74 6 72 84 2 63 39 79 30 
31
15 26 3 23 18 20 17 8 9 2 4 14 22 27 21 10 1 29 7 30 19 28 25 11 12 24 6 16 13 31 5 
77
35 62 4 22 18 45 43 28 65 17 57 75 24 33 8 34 27 54 63 76 21 66 56 1 11 64 42 32 60 9 44 40 15 47 26 52 77 30 19 50 16 38 72 73 68 2 36 13 74 6 71 41 69 3 39 48 20 12 37 10 55 70 49 46 23 61 14 31 5 58 53 59 67 7 51 29 25 
44
44 26 23 22 7 8 35 19 17 6 25 15 38 31 30 14 33 32 4 21 40 20 2 10 24 13 5 27 3 12 29 36 34 9 28 11 42 16 43 39 18 37 1 41 
95
46 21 58 82 90 2 23 7 56 85 44 61 92 47 4 59 95 88 9 40 8 35 57 55 12 17 91 93 48 75 54 16 5 22 72 62 67 10 53 6 26 77 78 94 80 29 86 27 43 24 11 66 34 51 84 87 14 32 30 42 45 39 38 13 76 41 15 70 20 74 50 3 73 83 89 1 31 60 65 64 81 25 18 68 79 63 69 52 49 36 71 37 33 19 28 
35
10 27 16 14 2 30 8 19 31 7 34 25 28 20 6 24 18 26 22 15 4 12 32 1 5 21 23 29 35 11 13 33 9 17 3 
11
9 2 3 8 6 11 10 5 7 1 4 
74
62 57 32 66 41 40 42 45 19 50 20 6 12 4 28 51 17 46 1 35 15 63 43 36 74 37 3 47 69 34 22 71 33 10 9 31 30 70 44 68 11 56 8 21 2 29 65 23 60 25 39 5 55 54 13 27 58 26 49 59 67 73 18 52 24 14 64 53 48 38 7 61 16 72 
9
2 1 5 3 8 7 6 4 9 
35
23 9 17 18 31 30 4 26 16 21 35 7 12 22 33 20 6 24 19 1 34 28 27 5 2 8 3 11 25 29 10 13 14 32 15 
97
73 81 19 22 92 79 94 82 50 20 40 58 4 65 11 18 46 60 69 44 67 85 59 64 95 41 13 90 14 17 74 55 51 45 61 57 56 5 36 32 25 30 53 96 97 39 38 88 83 68 34 6 1 78 21 9 54 43 91 71 37 42 31 27 77 49 7 62 80 8 63 47 28 33 84 3 93 52 15 29 72 2 12 10 24 75 87 86 70 48 35 66 76 26 16 89 23 
18
15 5 16 9 4 17 8 1 6 18 12 7 14 13 10 3 11 2 
40
9 14 33 36 27 22 29 37 12 1 34 35 3 39 20 31 4 30 6 23 7 24 15 18 21 17 11 26 19 40 10 32 25 13 8 38 5 16 28 2 
31
21 18 26 14 2 20 4 15 5 30 12 25 11 23 9 8 13 28 1 31 29 7 17 16 3 19 27 6 22 10 24 
34
12 15 33 30 31 34 3 9 17 8 20 19 28 10 21 7 11 18 16 6 4 13 25 23 5 22 27 32 24 1 26 2 29 14 
14
11 5 14 2 6 9 8 4 3 12 1 10 7 13 
59
9 45 12 55 58 2 34 3 42 1 57 4 11 8 25 23 41 33 15 46 40 21 6 26 18 53 5 16 52 31 50 51 37 39 36 27 44 28 29 19 38 43 54 13 7 56 14 24 20 47 49 59 32 48 22 17 30 35 10 
41
12 2 8 15 27 31 9 17 39 24 28 34 13 20 18 6 4 16 37 14 35 26 7 10 40 5 23 41 33 21 29 22 30 38 3 19 32 36 25 11 1 
55
37 52 49 54 27 7 45 2 4 55 16 29 13 38 40 18 42 28 51 33 6 3 31 19 26 8 24 23 30 44 46 47 17 22 32 35 34 10 9 5 20 50 11 48 39 14 1 21 25 41 43 12 15 53 36 
100
48 39 88 83 3 68 27 82 62 36 26 2 15 5 43 77 64 8 12 96 23 90 63 71 74 24 97 42 46 95 4 10 98 76 40 84 21 81 70 93 22 73 67 78 29 53 35 49 33 55 30 7 94 47 28 80 1 100 34 6 37 57 56 65 19 66 60 72 14 11 20 25 91 16 52 85 92 79 86 44 13 50 31 69 58 87 38 9 99 41 32 54 75 45 18 61 17 59 89 51 
69
4 28 69 47 51 3 30 40 68 8 58 53 17 6 23 36 38 29 12 45 7 67 48 54 21 57 55 20 1 56 18 49 63 64 35 33 16 46 65 13 25 19 44 66 27 31 62 10 52 43 15 9 32 37 60 11 5 61 50 14 2 24 42 41 59 39 34 22 26 
100
10 19 17 78 4 23 40 88 18 49 38 79 80 12 68 21 32 89 29 100 69 65 11 26 3 71 2 15 54 73 99 74 86 53 61 96 47 14 77 67 56 7 94 41 35 85 95 6 97 44 48 72 66 33 46 1 28 52 5 42 90 70 87 30 83 36 84 92 55 75 13 16 8 62 22 76 63 81 37 93 60 57 64 24 58 31 20 25 51 45 34 39 9 98 50 27 59 91 82 43 
43
24 29 42 21 22 27 2 11 37 15 3 1 41 43 16 5 17 38 4 35 14 28 33 7 36 23 12 19 34 30 8 32 39 25 31 18 10 20 26 9 13 6 40 
16
11 1 10 15 4 6 2 13 14 5 9 7 16 3 12 8 
42
31 38 21 40 42 2 39 5 37 34 20 19 6 10 33 1 27 15 41 29 12 17 4 16 13 3 35 7 14 11 23 36 22 8 28 32 24 26 18 9 30 25 
63
21 55 2 23 34 53 60 1 30 7 16 50 63 51 13 8 10 31 27 6 29 38 41 24 18 33 54 46 45 15 25 61 39 58 32 59 40 26 62 12 44 14 48 19 9 20 4 43 56 28 35 42 52 57 49 11 47 37 17 3 22 36 5 
29
23 14 20 7 24 28 2 29 10 4 16 18 17 12 13 1 5 19 9 8 27 21 6 3 15 25 22 26 11 
42
14 7 39 24 20 35 2 13 4 17 9 33 15 41 38 8 10 29 19 18 23 34 12 26 28 1 3 11 16 21 30 40 36 32 31 22 5 25 6 37 42 27 
29
18 1 24 28 5 3 25 11 14 20 7 2 19 22 16 12 26 15 27 10 8 23 6 29 21 9 13 17 4 
67
4 10 34 33 51 3 38 40 13 62 28 55 56 1 64 27 8 31 17 18 52 54 19 63 24 50 66 6 58 16 12 65 23 61 42 45 9 35 44 29 49 30 59 48 25 53 20 11 32 2 41 67 36 15 21 5 47 57 60 37 7 26 22 43 14 39 46 
60
57 35 37 50 7 16 60 21 34 36 20 11 59 2 56 42 26 49 17 25 41 27 23 52 12 3 10 9 54 43 1 45 47 13 44 32 14 18 51 40 28 53 55 6 4 19 24 39 5 22 46 48 15 58 33 29 8 31 38 30 
40
11 3 38 39 1 4 36 40 18 37 13 7 33 19 28 21 8 6 27 30 22 14 32 35 10 34 16 2 26 17 20 9 12 29 25 23 5 15 31 24 
47
11 39 22 44 45 47 41 21 3 29 19 17 9 30 31 13 16 38 14 2 20 7 46 25 27 32 34 23 5 28 8 26 18 43 37 12 42 15 36 24 10 40 6 4 1 35 33 
26
1 20 4 24 16 12 6 22 7 25 11 14 13 2 26 17 23 8 9 18 21 19 10 15 3 5 
27
16 14 24 27 6 17 8 5 7 25 15 11 13 1 20 21 9 22 2 12 26 23 10 18 19 4 3 
29
14 11 8 28 1 7 16 13 15 12 19 2 3 24 21 26 29 27 23 18 6 10 4 20 22 9 25 17 5 
50
9 30 26 22 34 42 20 45 13 5 37 49 23 6 14 48 44 2 29 41 11 8 43 16 27 19 3 36 25 50 24 35 21 32 39 10 12 38 28 15 17 33 1 46 47 40 31 18 7 4 
20
14 17 20 1 7 19 9 11 4 13 6 10 5 15 3 8 16 2 12 18 
49
9 42 10 36 21 41 11 24 20 45 49 30 46 6 17 23 15 38 14 25 16 8 47 39 34 12 32 31 33 48 22 44 13 18 40 37 1 5 27 26 2 7 29 3 28 43 35 19 4 
69
21 14 42 61 25 12 33 60 6 69 13 63 50 2 48 64 18 39 51 32 11 58 47 62 36 41 17 43 68 67 4 53 37 46 65 31 55 29 24 45 44 59 8 15 16 27 49 3 22 35 38 9 66 5 7 56 19 23 57 40 10 34 54 28 30 26 52 1 20 
1
1 
91
36 3 82 6 50 39 12 5 51 2 26 49 4 14 81 38 48 23 88 59 21 77 73 63 58 72 80 13 76 41 60 9 89 10 86 61 67 84 62 69 79 71 27 85 44 16 91 22 53 7 66 74 1 30 33 35 29 42 24 70 40 78 43 15 18 34 52 55 90 57 45 31 87 25 75 8 11 17 83 68 65 64 32 56 54 20 28 46 19 47 37 
25
7 20 15 11 5 23 24 17 12 13 22 9 6 3 18 10 16 21 25 8 19 1 14 2 4 
59
9 3 7 38 24 54 34 46 59 14 21 15 33 18 13 41 37 25 19 49 40 57 51 36 47 44 48 26 12 42 2 11 22 27 20 32 35 4 56 5 31 39 17 52 29 16 1 55 10 30 28 6 53 8 43 50 58 23 45 
24
5 7 17 11 19 1 10 14 21 20 16 24 6 2 18 13 9 4 15 22 3 23 12 8 
58
23 7 55 43 49 42 6 27 12 57 30 8 24 5 50 20 32 40 53 18 9 45 2 46 37 38 3 16 29 26 15 51 35 1 58 54 31 36 39 10 33 14 21 19 47 41 22 17 28 34 13 48 11 52 4 44 25 56 
98
3 50 48 36 64 15 6 68 53 12 93 22 69 67 58 84 27 38 40 72 18 76 21 56 96 74 86 90 14 39 65 95 73 7 88 70 49 79 55 78 17 61 91 13 5 11 98 82 23 41 59 16 10 97 46 87 37 29 85 83 26 51 24 8 77 4 75 44 30 34 32 63 80 81 60 52 62 71 89 1 42 45 2 92 47 9 20 43 57 94 31 33 66 25 28 35 54 19 
24
5 1 10 3 6 19 9 12 20 2 18 23 17 15 8 14 24 21 13 4 11 7 22 16 
60
45 52 47 43 33 36 40 42 60 9 24 19 3 34 56 12 53 14 49 4 57 58 11 27 31 32 35 59 41 44 28 21 55 22 48 26 54 50 29 6 38 17 39 20 8 16 18 13 7 5 2 37 30 51 25 1 15 23 46 10 
61
37 34 19 45 30 52 59 35 38 36 13 21 26 44 57 24 11 12 53 1 29 3 42 28 23 32 27 8 10 22 25 33 47 17 60 54 56 41 39 55 46 61 49 51 15 16 43 5 40 6 14 9 2 4 58 18 50 48 20 31 7 
3
2 1 3 
100
37 61 7 97 10 95 35 12 29 51 40 49 36 9 96 48 52 20 88 100 79 3 41 83 25 64 43 4 68 26 38 33 80 70 90 30 99 50 2 17 62 39 32 28 78 69 84 59 27 92 66 71 56 23 34 1 14 65 8 87 98 22 45 89 86 15 77 82 91 94 6 60 5 53 67 46 55 58 72 81 16 73 47 63 18 74 57 19 31 85 11 21 75 54 76 44 24 42 93 13 
88
80 88 33 83 79 40 4 46 36 85 45 82 62 31 27 9 64 26 11 44 21 63 60 6 87 22 30 1 59 76 24 81 15 72 78 12 69 86 7 73 5 29 48 42 70 13 35 3 61 51 8 39 19 55 14 37 56 41 75 67 43 18 57 20 32 65 58 17 84 50 47 23 38 25 28 2 49 34 52 68 53 71 74 16 77 66 54 10 
83
65 35 37 12 80 20 19 59 53 60 32 8 74 49 72 61 78 81 41 7 54 1 47 42 29 55 6 64 56 11 16 4 68 15 52 23 28 48 83 26 46 58 30 27 3 40 31 44 77 57 69 5 73 2 38 39 43 34 18 66 75 82 25 51 67 13 24 45 9 76 17 22 33 50 21 79 70 36 71 14 63 62 10 
41
31 30 18 29 27 38 12 37 15 35 26 9 22 10 34 41 40 36 6 7 33 20 24 13 11 8 39 14 23 1 16 25 28 21 3 19 17 32 2 5 4 
73
47 50 36 40 71 44 23 63 8 60 46 65 12 61 22 27 20 18 41 59 21 52 66 56 17 15 4 32 2 55 9 68 26 14 39 7 25 72 53 57 1 45 43 70 13 3 58 31 24 64 10 67 33 38 51 28 6 69 34 30 37 42 73 11 48 54 5 19 49 16 35 62 29 
34
12 24 33 20 16 34 26 30 2 5 22 15 23 18 27 3 7 14 1 29 28 21 19 9 4 32 17 13 10 6 31 25 8 11 
23
22 12 3 13 4 6 8 16 18 11 10 19 21 23 5 1 15 9 17 7 2 20 14 
23
7 18 13 1 8 23 12 3 14 15 16 10 9 6 11 17 5 4 2 20 19 21 22 
31
24 2 21 11 19 4 12 23 26 25 1 31 15 10 28 30 9 17 16 3 20 22 18 14 8 29 6 5 27 7 13 
3
3 1 2 
