97
93
24 35 74 85 46 60 72 92 6 45 48 7 58 71 33 84 18 28 26 5 52 20 1 2 43 29 66 73 8 81 22 79 36 37 39 21 54 17 55 82 63 91 87 3 56 34 64 40 32 44 4 61 68 59 57 65 51 78 80 77 83 53 23 93 16 75 11 62 49 42 76 27 19 70 31 50 13 30 69 25 41 90 38 10 9 12 86 67 14 88 89 15 47 
50
39 7 17 35 23 6 14 4 19 10 41 22 50 11 45 48 26 32 15 2 16 3 33 20 13 29 18 24 38 5 37 21 44 1 49 25 8 12 34 47 9 36 30 31 40 42 46 28 27 43 
25
20 16 7 9 5 8 17 2 21 1 23 6 19 22 13 12 3 10 14 18 11 24 4 25 15 
55
34 9 13 23 26 53 51 40 38 25 47 5 30 20 43 2 8 52 19 50 29 16 6 39 41 17 44 54 1 22 42 15 18 28 11 33 10 49 3 31 12 55 46 32 36 37 7 27 45 48 4 21 14 35 24 
97
61 6 5 76 79 1 97 89 29 59 50 27 44 13 95 14 70 92 56 30 43 94 68 19 9 47 83 81 34 20 10 86 35 87 53 62 52 93 75 66 82 16 26 41 48 2 4 88 24 22 46 84 85 55 69 28 78 11 37 7 91 72 51 17 49 31 90 23 60 77 36 38 96 32 73 18 15 21 58 54 40 67 8 25 42 33 63 39 3 80 71 12 45 65 74 64 57 
3
3 1 2 
3
1 3 2 
23
10 11 1 20 14 9 13 12 3 15 22 18 4 6 17 2 19 5 16 21 8 7 23 
31
4 16 8 5 19 7 17 11 12 24 30 28 20 14 13 27 22 9 10 29 2 25 15 31 3 26 6 18 23 1 21 
95
51 43 58 38 44 2 1 92 25 87 49 67 36 45 11 74 18 19 29 39 85 83 46 89 35 81 84 22 13 55 40 34 63 6 82 3 78 73 93 26 77 91 62 70 32 56 68 79 48 37 60 14 61 95 90 80 12 9 33 52 71 50 64 88 5 17 75 20 54 41 86 66 23 10 24 69 59 16 31 42 15 4 94 72 28 53 21 65 47 76 27 30 8 57 7 
90
90 13 41 75 31 63 73 30 79 67 23 45 74 9 36 18 20 15 86 71 47 44 25 72 87 29 12 34 17 38 6 26 54 70 32 35 48 46 33 11 37 68 43 2 76 50 55 16 80 3 77 88 5 82 40 66 8 14 65 22 83 42 27 51 84 39 21 1 60 69 24 62 64 4 59 78 7 89 57 28 49 58 53 52 81 56 85 10 19 61 
87
50 29 46 24 49 16 25 2 61 22 65 73 75 87 79 58 6 55 26 8 39 68 31 1 13 35 14 85 17 45 71 37 74 64 72 10 47 23 78 44 62 77 66 60 43 57 51 11 40 4 56 76 86 42 84 21 54 63 18 9 41 59 69 32 82 83 3 15 28 19 53 30 12 34 67 38 27 5 48 70 7 36 80 20 81 33 52 
9
9 1 7 4 6 3 5 2 8 
20
10 5 8 2 16 12 4 6 3 9 14 13 17 11 18 20 15 1 7 19 
25
3 13 7 18 25 22 10 4 24 2 17 19 9 21 1 15 20 5 14 23 6 12 8 11 16 
38
13 4 21 24 14 22 31 30 18 7 6 5 26 25 1 32 15 17 37 34 20 35 33 9 3 16 38 2 19 28 29 12 11 23 36 8 10 27 
29
22 17 4 27 18 25 16 8 24 28 15 20 2 19 14 3 9 29 7 10 6 13 26 5 23 11 1 12 21 
56
47 27 35 54 20 3 52 1 25 44 5 53 46 30 39 38 2 16 40 34 45 11 24 21 28 36 55 26 56 49 15 32 50 33 41 8 19 4 10 48 43 51 13 6 14 7 18 9 23 12 17 31 22 42 29 37 
12
10 9 7 3 6 8 5 1 12 11 2 4 
82
54 60 12 75 44 43 19 37 45 67 59 11 50 56 33 80 69 38 41 23 34 29 28 77 64 49 78 73 16 20 5 82 21 71 42 55 48 51 36 13 65 61 1 8 52 72 10 22 79 32 76 17 3 14 18 63 6 46 27 26 30 58 66 39 25 81 53 57 24 70 68 4 74 35 9 62 7 40 31 15 47 2 
29
19 22 23 11 4 9 21 17 2 1 18 24 27 14 20 16 29 10 28 7 8 12 5 6 13 3 15 25 26 
28
23 26 8 11 5 25 9 28 4 14 21 18 20 2 1 22 13 24 3 6 17 27 19 12 16 10 7 15 
77
59 37 75 7 61 35 26 72 38 49 67 15 13 63 51 50 54 55 1 73 12 39 40 64 74 62 60 14 44 46 42 33 6 57 66 53 65 24 31 52 17 22 4 45 36 30 9 69 3 19 76 16 48 56 27 28 20 25 68 71 10 47 77 43 8 2 11 29 41 70 58 32 5 18 34 21 23 
78
58 63 47 19 11 37 5 31 1 75 3 67 62 69 27 64 71 60 32 73 39 15 59 56 22 74 12 10 45 17 33 51 76 38 18 14 13 61 42 77 20 43 53 25 72 35 4 68 21 41 78 70 9 24 46 2 8 34 23 55 40 7 66 26 44 16 54 48 36 30 29 52 49 57 65 28 6 50 
9
4 5 6 1 3 8 7 9 2 
53
30 53 45 41 27 52 2 7 51 31 21 5 39 49 38 14 24 19 47 23 15 48 9 28 33 12 40 6 43 25 37 18 50 35 36 10 32 13 8 22 29 17 46 11 3 34 4 26 42 44 16 20 1 
53
35 43 20 29 47 21 17 13 51 50 45 44 38 5 3 33 4 12 26 15 41 32 9 7 31 8 49 11 10 46 22 53 27 36 52 14 30 28 37 25 40 18 23 19 16 2 24 34 1 6 39 42 48 
75
33 5 13 35 49 6 63 18 7 48 47 64 59 68 73 44 21 67 55 54 14 40 25 69 65 62 60 42 74 36 58 26 53 15 43 4 31 24 19 17 32 22 70 30 41 34 12 71 10 8 75 27 39 38 3 46 29 20 57 28 23 9 45 52 11 72 1 16 56 51 50 37 66 2 61 
65
64 27 31 55 48 7 8 37 47 38 44 20 61 15 41 6 43 54 56 57 40 4 53 29 25 24 3 34 21 18 14 10 49 22 28 63 11 39 50 59 60 5 1 62 19 30 16 32 52 65 26 35 13 45 9 46 33 58 42 12 36 17 51 2 23 
27
22 4 6 19 12 14 10 8 23 17 9 25 26 2 20 3 27 18 11 24 7 15 13 1 5 16 21 
87
80 69 14 9 86 71 45 6 64 55 4 26 37 61 10 22 68 17 74 62 63 53 84 19 24 52 35 2 20 41 60 49 57 75 30 3 78 7 82 51 36 44 39 43 38 34 77 56 70 31 33 46 15 32 18 25 81 12 29 5 16 65 83 87 8 59 11 66 50 72 76 21 85 48 13 40 73 23 27 79 1 28 67 58 47 54 42 
97
50 61 91 87 58 72 41 42 17 82 32 37 65 11 47 74 13 67 85 51 3 70 31 6 5 43 38 71 96 20 95 15 1 60 44 97 2 63 26 77 75 25 80 24 46 8 93 40 34 66 16 90 59 53 27 9 94 81 79 86 57 18 49 19 23 84 29 52 48 12 88 45 7 33 55 89 56 14 22 28 69 4 92 83 21 78 76 30 10 39 36 68 64 54 35 62 73 
26
6 23 9 14 22 4 16 11 12 1 17 10 21 3 18 15 5 26 8 20 24 2 19 13 7 25 
85
32 29 24 12 26 69 21 76 84 34 82 2 37 4 49 53 41 62 5 54 33 17 61 70 67 10 30 31 11 50 45 52 66 15 56 64 23 55 35 65 22 78 74 40 27 1 20 39 14 36 7 59 46 47 9 42 19 60 71 48 68 38 3 25 13 75 18 8 73 57 6 77 43 58 51 80 79 63 85 72 83 44 28 16 81 
3
1 3 2 
38
6 18 31 1 3 14 28 8 27 37 33 35 36 9 20 24 22 5 4 26 21 2 34 13 38 32 7 16 17 11 10 19 30 25 15 12 29 23 
75
71 59 12 72 33 5 24 19 40 23 34 63 14 15 29 35 25 39 67 65 3 42 9 13 18 50 11 30 49 55 37 69 28 68 20 46 32 73 57 7 16 22 8 53 58 36 41 47 44 31 75 62 2 51 60 45 61 26 56 43 27 21 10 66 6 64 17 48 1 4 70 52 38 54 74 
96
8 20 9 26 81 16 53 15 4 48 49 87 51 75 23 91 43 94 12 78 17 27 60 90 1 24 56 33 47 19 22 95 41 93 61 3 37 46 73 34 86 64 39 18 5 6 58 96 88 36 65 83 45 82 89 69 70 84 32 92 2 77 71 38 72 85 28 29 31 66 68 35 44 59 76 13 79 74 21 50 7 10 30 67 42 14 52 62 57 63 54 40 25 55 80 11 
71
47 18 54 5 56 32 1 11 30 70 16 53 22 49 29 65 40 7 50 41 12 61 44 26 68 15 57 42 63 14 62 4 34 52 69 45 67 20 17 36 13 59 38 39 28 25 71 64 6 3 31 37 60 10 23 8 43 55 46 27 24 48 58 2 51 9 21 33 19 66 35 
80
76 30 12 37 77 31 17 8 6 16 53 41 68 22 65 48 47 56 26 44 80 51 55 2 29 45 67 3 58 70 19 73 32 46 59 60 14 11 1 21 18 52 7 5 74 35 62 33 49 72 10 24 69 43 20 34 64 23 78 27 40 39 36 4 50 15 28 63 42 71 13 9 66 54 75 61 38 25 57 79 
25
12 7 8 23 9 25 11 19 15 22 6 2 5 24 4 1 3 13 10 16 17 14 20 18 21 
22
4 13 21 15 12 1 18 5 20 6 22 10 17 9 11 14 2 19 7 3 16 8 
85
69 47 71 9 54 70 32 10 68 33 4 38 46 26 34 40 81 42 62 27 50 76 74 11 21 18 75 17 6 79 36 65 31 5 73 84 3 78 19 67 29 48 59 7 49 30 28 15 64 35 61 51 77 2 39 22 16 8 57 53 83 37 12 72 55 24 13 58 41 25 45 63 52 66 85 23 80 43 44 82 20 60 1 14 56 
42
39 42 25 38 3 36 12 20 35 26 23 22 5 28 30 41 17 18 6 9 14 29 15 8 1 37 16 2 11 24 21 33 27 4 19 31 34 10 32 7 40 13 
2
1 2 
71
21 53 65 8 10 43 51 57 36 2 29 5 17 12 37 41 30 28 13 54 59 61 55 19 66 64 45 58 34 42 6 70 50 24 47 49 22 3 9 32 23 56 26 1 11 67 69 63 31 44 18 40 7 35 68 20 38 16 27 71 33 46 52 48 62 15 25 4 39 60 14 
68
29 49 55 28 30 19 24 7 37 41 67 40 43 42 48 18 23 54 64 51 25 46 66 45 33 12 57 36 31 68 47 56 11 6 65 21 5 15 60 32 1 9 53 50 58 59 52 4 38 20 63 17 13 26 22 44 35 10 62 16 8 3 34 14 2 39 61 27 
60
20 9 19 18 40 27 26 13 44 4 30 14 43 12 17 24 35 48 33 37 11 16 36 29 7 49 59 15 21 31 2 54 5 46 45 58 39 8 47 28 52 34 22 56 60 53 51 1 55 41 6 23 10 32 57 42 50 3 25 38 
22
2 8 12 19 13 9 21 14 4 20 1 10 22 11 3 15 7 18 17 6 16 5 
51
3 4 18 45 13 25 16 39 37 44 32 34 35 7 27 2 23 29 36 20 15 8 11 30 19 46 43 41 49 28 24 40 51 31 22 21 10 50 48 6 1 38 14 33 47 12 42 17 5 9 26 
79
36 68 10 26 5 17 37 52 49 30 9 25 58 22 12 24 39 70 69 76 14 61 33 59 57 21 54 28 15 11 38 78 44 20 45 18 72 65 3 2 34 23 13 55 53 19 51 67 43 27 46 79 73 31 50 41 35 29 56 75 1 8 63 32 16 66 60 40 48 64 77 4 42 6 7 71 62 74 47 
83
8 52 33 51 69 32 15 63 24 49 11 22 19 71 43 28 80 54 7 65 31 45 9 60 83 77 2 40 64 39 78 66 81 58 20 26 12 79 35 29 44 42 72 53 67 17 38 61 10 5 76 41 55 50 82 34 30 27 46 23 16 59 74 37 75 14 1 18 4 21 3 56 48 6 36 25 13 47 57 73 70 62 68 
68
56 48 53 36 62 43 20 15 17 55 64 31 22 45 49 54 50 46 61 25 29 12 66 58 37 35 3 67 10 19 63 2 11 28 52 8 38 13 24 44 32 42 41 5 68 14 57 39 23 16 60 6 51 7 18 26 1 9 59 27 47 33 4 40 21 65 34 30 
78
53 27 62 61 12 15 16 32 72 18 34 29 51 47 30 42 69 49 55 11 17 44 52 22 39 71 25 59 20 57 21 36 24 76 67 9 31 1 37 33 26 13 10 60 43 74 23 66 3 54 48 14 77 56 5 45 6 35 38 2 64 28 8 19 7 40 75 4 41 70 78 58 46 73 68 65 50 63 
66
60 65 27 38 37 29 21 54 30 10 25 66 41 51 46 19 16 64 53 33 40 52 44 61 18 48 4 32 28 3 49 59 24 34 20 15 8 13 9 2 36 55 50 6 23 14 56 58 12 31 57 47 35 5 1 17 22 26 43 42 63 11 39 7 62 45 
22
19 7 9 1 17 4 13 3 8 10 22 18 20 12 16 2 21 11 15 6 5 14 
79
25 56 36 32 54 78 75 13 37 74 47 43 42 51 33 29 10 73 69 58 2 12 18 71 7 64 63 8 34 11 61 40 3 41 68 6 23 49 16 4 1 79 39 57 28 55 38 31 77 50 44 9 45 59 26 52 24 30 5 19 65 27 70 67 60 21 14 35 62 20 72 17 48 22 53 46 76 15 66 
52
41 1 32 9 36 29 44 14 26 8 28 16 24 50 25 35 20 21 43 51 11 13 31 42 33 34 7 12 49 45 27 15 46 47 10 40 18 3 39 22 52 2 17 5 37 4 19 6 23 48 38 30 
15
6 5 3 7 10 11 14 2 8 1 4 12 9 13 15 
34
27 1 5 12 4 10 14 17 18 7 11 25 29 33 28 8 26 9 16 24 34 30 3 15 20 31 6 22 19 32 2 23 21 13 
84
29 23 28 55 16 10 13 61 84 27 63 33 5 67 20 22 41 25 8 45 76 1 24 40 38 15 47 49 60 83 77 54 4 48 19 53 26 70 37 11 81 14 50 69 9 71 57 56 82 36 34 21 75 42 74 12 3 51 79 78 43 32 58 46 31 6 2 59 35 68 44 80 65 62 18 30 17 66 73 64 39 72 52 7 
1
1 
97
88 19 96 21 34 94 10 44 4 20 29 9 23 39 57 25 27 74 72 84 90 52 89 85 53 95 33 8 50 68 24 36 93 82 60 92 86 6 46 62 37 66 12 73 49 71 26 83 69 14 56 38 67 15 18 40 76 48 64 11 16 79 61 28 31 5 32 55 51 65 42 7 97 81 22 2 30 13 43 78 63 80 41 58 91 1 77 87 3 54 59 35 45 70 17 75 47 
15
4 6 5 3 9 10 12 7 14 8 13 2 1 15 11 
32
15 16 10 18 11 13 3 24 2 25 20 5 31 32 12 8 21 17 9 30 4 26 7 1 6 22 27 23 29 19 14 28 
52
23 25 27 33 15 32 14 52 20 26 17 5 45 9 4 11 44 50 38 8 34 29 7 37 6 30 41 39 22 24 43 49 21 36 48 28 19 3 2 42 13 46 16 40 10 47 35 1 18 31 51 12 
30
14 5 17 23 30 7 10 15 13 6 20 9 26 25 4 29 22 21 16 24 2 11 27 19 1 8 28 12 3 18 
100
24 6 56 100 35 53 85 27 12 31 86 11 76 8 25 47 92 60 79 77 51 75 23 95 82 34 99 36 26 1 9 45 64 37 10 90 83 7 14 39 80 65 97 3 81 42 71 48 91 84 30 15 38 63 44 89 54 67 50 20 57 41 46 33 66 70 43 73 68 87 32 69 13 22 19 96 78 62 28 74 17 94 98 59 40 16 5 88 52 93 58 49 18 55 4 21 29 2 72 61 
26
21 12 3 22 6 23 25 18 16 19 5 7 9 4 11 2 20 24 8 17 10 14 13 1 26 15 
26
9 10 21 7 14 20 22 16 12 26 2 6 17 23 8 3 15 1 13 5 11 19 18 25 24 4 
47
36 43 9 20 26 14 46 30 34 27 45 10 40 33 47 1 38 11 22 25 3 37 5 2 41 6 32 17 12 29 23 19 39 13 28 18 31 8 16 15 42 21 4 24 7 44 35 
84
31 70 30 18 80 72 46 78 3 61 6 38 59 55 4 83 32 20 42 25 1 2 77 84 68 50 22 49 74 67 13 44 23 58 36 43 19 66 16 69 10 75 82 27 62 8 54 11 48 15 29 71 12 51 81 21 9 39 76 14 17 65 56 53 5 7 37 60 64 34 52 35 40 73 41 26 79 63 24 45 57 33 47 28 
75
64 20 68 72 21 5 74 24 70 52 41 75 7 14 8 38 45 61 23 36 1 10 63 73 37 18 35 3 57 31 50 55 26 62 44 40 30 58 11 32 27 69 2 53 16 4 67 54 6 66 59 13 49 65 34 19 28 15 12 42 48 47 25 51 43 22 60 33 39 17 71 9 46 56 29 
74
13 52 46 33 50 24 51 14 7 15 42 55 71 6 66 37 38 8 65 68 59 47 3 62 58 60 1 17 74 67 16 9 63 39 29 2 25 54 56 30 45 31 18 26 32 72 34 21 36 5 44 12 4 40 48 22 70 43 28 64 23 35 10 19 73 11 49 53 61 27 69 20 41 57 
89
29 86 49 21 6 71 36 37 27 67 14 17 18 44 13 68 7 78 70 83 10 52 33 41 79 84 77 58 15 45 12 87 48 66 20 80 54 60 5 30 88 2 4 24 22 65 69 32 35 53 8 38 28 89 3 55 85 56 40 72 25 74 9 16 31 23 50 62 61 11 39 26 73 19 34 51 81 57 42 43 82 1 59 75 46 63 64 76 47 
67
39 45 29 5 44 32 12 6 35 28 57 11 59 18 40 4 15 19 64 65 16 34 58 49 14 13 23 20 8 2 43 66 47 36 52 1 17 7 3 10 30 60 22 48 38 54 41 50 56 9 46 62 37 67 42 27 25 31 63 53 55 26 51 33 21 24 61 
70
6 55 34 35 41 17 36 50 40 27 65 59 42 70 44 51 52 18 8 43 54 14 62 48 45 39 47 23 56 30 24 13 28 20 58 31 33 16 69 60 46 3 67 2 61 15 11 32 7 4 21 29 68 9 25 49 53 5 12 10 57 64 38 66 22 19 63 1 26 37 
66
44 1 46 21 50 5 24 40 4 18 7 9 6 11 35 45 2 62 15 42 57 3 14 25 19 54 12 16 23 65 10 8 28 51 30 64 38 17 20 53 26 41 34 47 29 36 61 43 48 27 13 22 39 32 59 49 63 31 56 33 66 58 55 37 52 60 
48
7 17 31 30 38 14 42 32 41 37 18 48 39 25 2 29 40 44 11 12 10 23 1 6 46 21 15 19 33 36 4 16 45 3 43 26 35 13 22 9 34 5 28 24 8 20 27 47 
54
17 7 19 32 4 44 3 34 18 35 53 21 49 43 20 47 10 42 14 52 5 48 15 23 11 45 9 36 29 28 51 39 37 40 1 16 2 31 41 6 13 27 30 24 22 54 12 8 50 33 38 25 46 26 
7
2 6 1 7 4 5 3 
48
10 16 13 37 21 24 48 2 7 34 39 25 9 42 3 1 30 17 41 38 6 47 33 15 36 4 46 12 28 23 18 45 31 40 5 29 14 32 26 22 27 43 8 20 35 11 44 19 
25
15 9 11 4 10 16 6 3 5 21 8 25 24 23 7 19 1 20 22 17 13 12 14 18 2 
75
75 71 22 33 68 42 10 13 32 15 62 51 29 44 58 28 31 74 37 30 45 54 40 11 56 25 60 46 73 21 24 17 70 63 64 14 50 3 55 1 18 66 27 38 67 72 6 26 4 8 9 7 49 2 41 47 12 20 61 36 34 35 53 69 16 57 52 59 5 43 19 39 23 48 65 
15
3 8 6 12 13 5 10 14 2 11 1 7 9 15 4 
20
20 12 16 19 6 18 13 8 10 1 4 5 3 11 17 9 7 15 2 14 
98
46 8 30 4 95 76 93 71 42 43 29 49 20 56 17 68 7 84 3 40 88 5 86 79 18 80 35 36 98 62 10 14 53 91 41 97 61 44 1 69 85 66 60 72 13 24 22 73 11 59 54 64 23 70 82 55 90 83 45 37 21 9 67 81 31 50 74 96 87 27 94 6 52 92 26 51 48 65 38 2 15 16 32 78 63 77 28 12 25 19 33 34 75 47 58 39 89 57 
80
68 53 36 19 6 80 22 2 59 40 46 11 71 29 63 41 48 15 37 51 54 67 58 69 34 20 17 39 35 56 55 14 4 28 21 31 10 8 43 47 75 74 64 12 52 25 1 66 65 73 72 57 9 62 30 61 24 26 49 45 3 77 23 27 5 76 38 16 60 70 78 32 42 33 79 13 18 50 44 7 
42
31 23 4 35 19 38 8 28 36 26 12 41 25 37 40 13 30 42 32 27 2 15 1 24 29 33 11 34 21 3 20 10 5 9 16 18 39 6 22 17 14 7 
32
14 32 28 3 12 24 18 4 29 23 5 15 25 19 2 8 16 30 11 10 27 9 17 1 31 21 20 7 22 13 6 26 
86
46 8 56 71 54 9 5 43 50 32 66 24 83 59 1 36 45 82 65 58 18 73 64 70 60 76 48 69 11 47 41 53 40 16 28 67 63 34 85 7 20 42 51 61 75 62 44 23 31 49 21 81 57 26 19 6 37 77 84 4 10 14 68 80 72 39 79 55 30 3 52 12 33 22 78 27 74 25 38 2 17 15 29 13 86 35 
98
4 5 8 12 94 19 37 13 56 16 46 67 73 34 76 43 18 32 87 72 15 48 92 35 44 14 69 40 84 77 30 88 55 42 83 49 26 79 20 22 98 36 80 89 25 68 57 1 82 41 21 3 31 50 10 28 45 47 65 78 71 51 62 66 9 85 52 29 70 93 97 74 91 81 53 23 86 95 2 38 60 61 58 59 7 96 33 90 75 63 64 39 6 54 11 24 17 27 
58
43 9 46 33 14 53 29 58 12 24 40 22 41 11 36 15 51 10 38 26 47 8 21 57 45 5 49 23 39 37 4 16 3 25 19 48 31 35 28 55 42 17 18 1 52 27 44 50 7 2 20 30 6 54 56 13 34 32 
35
34 29 31 21 23 16 4 8 3 14 18 33 12 25 22 17 2 9 24 35 7 26 13 30 5 19 32 15 28 20 11 6 1 27 10 
47
19 43 21 38 28 14 26 6 24 30 45 2 37 34 5 10 44 4 41 27 16 47 22 36 13 46 8 25 40 39 31 35 32 17 15 12 3 42 20 1 7 11 23 9 29 18 33 
39
35 39 36 3 25 26 16 27 24 11 10 38 34 21 37 31 28 1 13 32 7 4 17 8 6 33 22 23 14 29 9 19 20 18 15 2 30 5 12 
92
72 89 75 3 20 66 51 71 59 83 77 19 29 68 16 50 48 2 12 31 5 80 30 21 55 67 92 84 40 22 10 27 32 81 56 63 11 9 1 4 15 7 57 26 60 38 43 61 70 13 24 49 8 23 79 54 73 28 62 90 65 46 76 87 35 58 64 14 86 74 33 91 45 41 53 36 6 52 34 17 39 47 82 25 18 44 88 42 37 69 85 78 
