71
74
16 59 56 44 46 61 9 40 15 62 26 41 65 60 8 58 30 14 6 67 70 25 32 68 27 71 23 20 42 5 47 69 52 51 33 49 36 12 38 21 24 28 13 29 63 37 35 45 34 50 7 39 73 11 72 18 19 57 53 48 3 43 31 22 74 17 54 2 64 1 10 4 66 55 
17
13 15 17 5 4 11 12 14 8 3 16 2 9 10 1 6 7 
22
11 2 17 7 14 22 13 4 6 12 9 5 20 18 1 19 3 15 16 8 10 21 
70
15 59 29 5 43 16 69 31 2 66 21 51 20 24 46 63 68 23 25 58 17 8 12 37 70 44 54 48 65 9 55 30 64 6 67 33 4 47 39 60 41 53 3 10 40 57 1 49 38 52 45 11 61 22 28 27 26 18 13 35 36 19 50 34 42 14 62 32 7 56 
26
19 21 14 8 5 25 24 22 13 10 2 1 23 6 11 4 17 12 3 18 15 7 20 16 9 26 
19
13 17 12 6 16 4 9 1 10 5 11 2 15 18 19 3 8 7 14 
87
51 8 83 40 44 56 4 57 27 37 26 1 78 42 76 21 20 28 64 61 13 82 47 35 41 19 23 33 16 14 39 59 38 6 80 18 45 11 65 34 31 25 3 50 2 77 79 30 7 36 17 67 53 12 62 22 72 81 73 74 10 69 24 43 71 86 55 46 5 84 29 87 58 49 15 52 66 75 85 70 54 63 48 32 60 9 68 
20
3 15 7 14 4 9 10 11 1 17 5 2 8 18 19 6 20 13 16 12 
65
49 34 37 21 47 4 30 31 26 28 55 7 2 19 63 15 43 53 42 1 13 56 57 16 50 36 24 22 8 40 29 39 25 10 58 41 48 60 12 54 45 46 23 27 44 51 59 5 20 62 65 32 9 3 64 38 18 35 17 52 33 11 6 14 61 
76
16 24 15 59 22 67 13 75 12 69 20 30 6 44 53 19 66 37 39 70 73 5 18 72 62 9 21 38 61 51 74 40 36 50 2 3 57 55 71 48 25 54 1 32 27 49 76 60 68 56 23 45 35 26 10 17 46 63 64 4 14 29 47 33 8 42 58 7 28 52 65 11 43 34 41 31 
77
72 39 16 71 42 55 11 5 60 13 29 25 31 26 30 44 65 64 18 56 12 73 46 21 38 10 68 28 67 24 49 50 19 32 15 4 70 76 3 36 27 7 20 45 62 23 57 47 2 58 59 48 6 54 66 61 35 53 77 9 33 75 14 8 37 69 1 40 17 41 34 51 43 22 63 52 74 
44
3 6 40 34 33 21 28 10 9 24 11 22 16 14 13 23 41 18 25 44 26 20 43 36 1 8 39 19 37 7 31 12 15 4 2 38 5 30 35 29 32 42 17 27 
59
24 15 10 19 25 14 38 51 47 49 22 5 20 55 41 29 31 33 26 13 52 21 58 44 43 39 42 45 17 53 11 37 12 8 48 2 56 30 27 28 59 32 50 16 23 40 54 9 4 6 7 35 34 3 18 57 1 36 46 
31
19 1 15 28 23 3 5 21 11 16 8 9 30 27 18 20 10 29 12 26 6 25 24 17 7 4 13 31 22 2 14 
69
8 50 67 45 30 65 9 26 44 29 60 53 3 62 58 19 4 46 42 39 34 40 7 41 21 27 17 1 63 28 47 10 5 25 20 6 48 31 66 61 69 37 14 35 36 54 43 12 49 23 18 15 32 11 22 56 52 2 33 38 24 16 59 13 51 64 68 57 55 
32
1 12 24 26 15 13 4 21 19 8 7 14 11 25 29 23 31 30 10 3 5 22 16 18 2 20 32 27 17 9 6 28 
45
35 38 22 37 39 11 43 26 13 20 25 41 16 7 12 14 24 27 31 33 18 45 15 9 19 5 2 21 34 42 23 32 6 10 44 17 1 36 29 40 4 3 30 28 8 
74
40 11 12 53 8 37 13 7 54 18 74 30 45 47 46 43 19 73 59 61 9 71 51 31 36 42 67 17 3 35 62 68 1 58 56 2 64 15 49 72 65 33 41 39 25 4 5 32 60 6 55 27 28 70 22 38 26 21 29 66 23 14 16 63 20 57 10 52 44 34 24 69 50 48 
61
43 12 54 38 9 56 21 1 60 18 13 17 46 3 37 5 61 34 36 23 30 47 16 4 14 25 44 45 11 35 48 53 42 26 8 29 22 59 39 52 51 41 32 55 7 27 15 2 58 24 6 50 28 10 20 33 40 57 19 49 31 
40
4 22 40 26 9 32 1 11 38 31 28 30 20 8 19 3 2 27 24 16 12 10 36 21 14 5 37 13 34 6 29 25 33 15 23 18 35 17 7 39 
63
28 34 59 17 8 51 24 10 23 43 3 14 37 48 56 50 63 38 6 61 11 49 42 32 9 62 26 47 40 44 4 41 5 20 53 16 60 7 13 29 57 19 35 27 22 1 52 55 36 33 15 18 31 45 54 2 30 39 46 25 58 12 21 
45
4 22 32 19 3 45 27 34 6 2 9 11 43 40 37 5 13 17 44 10 28 8 36 16 31 33 25 38 29 41 12 14 20 30 7 26 1 42 18 39 15 21 35 24 23 
51
39 27 1 11 18 48 31 4 3 47 7 49 33 37 6 30 46 22 42 35 10 8 5 51 28 34 16 21 23 32 20 19 44 45 14 2 41 29 43 36 13 12 40 17 38 26 15 50 24 9 25 
29
17 14 15 10 13 12 7 25 3 19 11 20 24 28 29 5 6 23 4 18 26 9 2 16 27 22 1 21 8 
2
2 1 
56
31 49 43 38 47 22 54 42 1 50 12 17 5 36 2 46 3 10 35 24 7 27 56 32 48 51 30 9 44 8 37 26 33 55 39 41 20 16 6 14 15 53 28 34 25 45 29 23 18 52 13 40 11 21 19 4 
78
67 53 76 64 32 57 55 20 34 63 75 54 56 40 5 71 15 4 6 37 23 30 12 41 21 14 45 73 43 39 78 61 10 22 9 62 2 49 17 77 16 7 59 65 51 1 72 58 13 19 68 46 60 66 33 25 38 74 52 31 3 69 48 26 18 24 27 36 11 44 29 47 35 70 42 28 50 8 
56
54 32 23 53 50 2 51 12 10 55 41 31 47 4 18 24 11 19 9 42 56 20 36 40 45 28 14 39 43 15 49 22 5 17 44 48 38 25 3 27 13 34 26 46 30 8 29 21 35 1 7 33 16 6 52 37 
19
2 19 15 10 11 13 16 9 12 7 1 5 18 17 6 14 4 3 8 
4
1 2 4 3 
33
2 6 31 3 7 25 32 26 18 24 22 16 13 28 19 10 5 20 12 27 33 23 17 4 9 14 15 21 30 11 1 8 29 
63
3 33 14 46 31 19 1 57 54 35 52 53 9 61 30 41 40 37 18 17 6 10 55 43 45 32 2 11 34 20 5 63 25 26 44 29 49 47 27 8 50 56 7 12 21 39 13 38 15 60 48 42 58 23 59 16 62 28 51 4 36 22 24 
84
3 43 29 80 47 50 62 27 1 82 60 61 78 68 79 84 36 15 81 23 38 30 13 22 57 41 32 42 65 17 46 39 25 9 64 19 18 52 69 77 20 76 35 59 21 83 56 26 5 58 8 74 28 75 10 70 73 51 24 31 34 12 40 54 71 49 4 16 33 6 37 48 44 7 53 72 66 2 45 14 67 63 11 55 
92
83 82 10 61 92 31 28 6 86 77 81 54 15 49 14 35 80 30 57 7 16 34 21 19 67 37 39 20 79 88 12 44 13 8 24 17 84 71 43 63 46 56 27 58 76 29 55 41 65 1 48 50 53 78 26 66 33 70 38 89 22 18 9 40 25 85 45 62 47 64 32 60 3 91 23 90 52 4 51 42 2 5 74 87 72 73 36 59 68 69 75 11 
69
55 14 34 60 33 56 37 25 1 67 61 24 39 20 44 40 2 26 36 5 38 68 4 13 57 51 6 22 3 31 27 9 52 21 59 46 16 65 30 63 58 35 28 62 29 8 23 17 41 7 42 43 12 50 64 32 69 48 11 54 47 53 49 19 15 10 18 66 45 
33
30 7 31 13 11 24 29 23 28 18 19 22 9 33 20 32 6 26 21 16 4 1 3 17 15 27 8 12 25 2 14 5 10 
51
27 16 10 23 34 25 24 51 35 47 19 41 9 38 22 36 37 7 18 8 21 43 28 44 11 1 5 48 26 29 33 39 3 46 15 50 17 2 31 32 20 45 6 49 30 13 4 42 14 40 12 
49
12 49 2 20 44 22 26 36 8 41 40 31 30 14 18 28 15 42 34 45 24 19 47 16 17 32 3 38 35 7 5 29 23 33 46 1 43 4 37 21 6 11 10 9 13 25 27 48 39 
38
18 22 14 32 36 35 34 24 37 25 16 29 1 11 5 28 26 6 23 12 10 21 19 15 13 9 2 20 30 33 38 31 7 27 3 4 8 17 
65
58 41 56 42 20 57 61 65 55 19 60 33 7 64 39 17 50 59 9 21 18 29 44 4 35 13 2 46 51 11 23 12 15 3 24 31 34 52 38 53 48 27 36 40 8 5 10 49 25 63 37 28 54 32 26 6 1 14 62 43 47 30 22 16 45 
58
11 13 48 52 14 49 33 42 5 32 25 16 26 2 38 56 22 51 31 30 9 40 53 21 37 8 41 18 3 35 6 39 45 46 23 54 27 44 19 15 20 58 12 43 7 1 24 29 17 55 36 47 57 50 28 4 34 10 
29
26 23 15 4 2 21 19 6 20 3 28 1 9 5 10 25 7 18 13 29 24 27 12 17 14 11 8 16 22 
31
6 19 12 11 10 21 8 29 15 22 3 20 4 28 25 1 13 24 16 17 27 30 7 9 31 26 5 18 23 14 2 
38
23 14 29 16 38 15 7 32 12 2 24 1 17 6 11 35 26 33 28 36 27 4 5 8 19 9 37 30 31 18 34 22 21 3 13 10 25 20 
64
57 63 64 14 43 34 28 18 7 10 31 47 35 36 6 19 29 23 12 44 13 51 39 59 1 54 40 38 56 46 32 41 11 62 16 52 5 55 8 27 33 22 25 20 15 21 4 45 17 53 61 24 49 2 26 3 50 58 48 42 60 9 30 37 
61
22 41 43 13 24 20 57 23 61 48 14 49 1 27 39 37 47 60 7 30 44 32 18 29 2 56 3 17 35 25 21 53 45 38 40 8 4 16 6 51 50 15 19 26 9 59 34 46 33 54 10 55 58 12 42 31 11 52 36 5 28 
30
13 5 15 10 11 25 6 16 30 24 4 2 8 21 1 7 14 19 20 29 17 28 3 26 27 9 12 18 23 22 
8
4 5 7 1 2 8 6 3 
40
7 38 9 35 26 6 4 31 32 40 10 24 18 16 15 30 22 28 11 17 1 39 20 21 37 13 36 5 2 25 14 33 23 29 3 34 19 8 12 27 
49
40 13 28 4 33 6 37 2 42 25 7 47 22 23 38 12 14 19 46 10 21 16 35 39 44 41 24 8 30 48 45 32 3 17 1 11 36 29 20 49 18 31 5 26 15 9 27 34 43 
47
45 39 47 18 37 14 1 11 19 38 15 31 22 32 4 13 28 7 8 36 20 42 29 40 44 34 6 30 5 26 16 21 41 23 46 2 33 9 43 27 10 17 35 24 12 3 25 
18
14 6 8 12 13 18 9 15 16 2 17 11 5 10 4 1 7 3 
71
28 31 69 6 8 53 26 51 4 52 45 62 55 50 14 42 37 10 65 41 20 66 70 9 11 40 68 43 27 25 17 38 5 1 32 49 44 54 57 13 29 2 36 33 22 61 64 3 48 24 60 23 7 34 35 12 56 30 19 15 46 47 58 21 71 63 39 18 67 16 59 
59
25 6 27 9 46 1 4 56 23 40 16 8 44 26 5 55 10 28 13 50 17 37 12 39 20 53 2 51 32 24 42 38 43 54 47 45 15 29 57 34 41 48 19 22 7 49 52 36 30 59 21 11 3 14 33 58 31 35 18 
53
33 47 37 17 27 19 48 18 38 40 2 25 29 51 11 8 9 35 43 42 45 39 24 50 14 5 36 31 32 46 53 3 1 13 22 44 41 26 23 15 4 20 28 34 12 52 21 49 6 30 10 16 7 
86
49 65 13 21 69 30 86 14 46 77 48 10 57 58 31 32 47 29 26 79 25 35 5 36 55 68 9 76 23 74 27 34 84 64 41 8 12 56 4 38 16 82 52 61 20 44 66 72 11 59 19 78 1 24 60 17 7 54 6 73 62 37 3 42 39 28 18 40 50 53 63 51 85 15 67 33 70 71 2 43 75 83 45 81 80 22 
97
52 6 22 5 63 40 72 44 7 9 10 80 17 94 71 4 88 30 16 79 59 48 47 78 73 41 12 21 36 42 50 90 32 91 83 37 8 82 74 34 46 58 57 3 61 93 81 28 55 19 67 86 27 69 1 13 15 14 60 76 85 97 66 54 95 18 39 87 35 51 45 64 23 26 31 43 96 33 25 11 75 56 53 84 89 68 29 2 62 70 49 92 24 38 77 20 65 
36
12 29 15 14 13 2 6 24 27 3 10 5 33 18 20 11 25 16 8 22 21 23 1 26 31 35 34 4 32 9 28 19 36 17 30 7 
33
15 3 31 7 10 6 5 11 9 17 20 13 28 29 16 23 14 19 2 12 8 26 30 1 18 32 22 4 25 33 24 21 27 
85
41 9 64 38 82 73 51 8 55 29 76 3 71 14 83 52 27 84 5 66 23 70 79 53 63 6 50 20 77 22 60 59 65 62 36 68 35 4 80 25 72 81 47 61 40 67 24 12 28 56 45 78 75 58 46 39 1 2 11 49 57 31 69 42 10 48 13 37 17 85 43 18 34 32 74 7 44 15 33 26 30 16 54 21 19 
52
43 30 50 10 1 23 40 4 33 32 35 37 36 20 9 47 13 18 19 26 16 27 8 31 3 51 7 49 28 42 39 22 15 34 24 48 29 38 21 45 52 41 5 6 25 12 17 11 44 46 2 14 
21
2 11 19 7 10 14 6 16 18 20 12 9 21 5 4 13 17 1 8 3 15 
76
30 35 7 17 76 26 4 50 3 70 54 60 33 8 56 51 18 57 68 6 1 25 63 42 27 52 20 32 36 65 73 55 12 49 23 10 11 5 29 66 61 45 40 62 64 74 13 46 59 9 21 48 16 31 69 75 47 24 43 22 72 19 37 44 38 58 71 15 53 28 2 41 34 67 39 14 
18
4 6 2 11 10 8 12 15 3 14 18 9 5 7 13 1 17 16 
72
2 17 19 54 72 3 52 24 31 1 69 70 61 46 42 14 5 26 21 28 7 27 60 40 18 49 63 23 47 10 65 41 35 12 33 51 57 64 58 45 68 29 53 39 9 32 62 30 55 71 59 4 56 50 11 67 44 36 43 20 8 22 48 13 6 15 66 16 38 34 37 25 
88
70 85 59 29 56 71 17 52 38 44 65 80 86 23 4 36 51 42 79 32 75 88 87 12 34 83 57 76 22 46 1 19 30 55 40 81 64 63 82 11 48 43 14 72 69 68 6 15 9 33 35 26 10 21 16 73 62 60 18 54 74 66 67 7 50 8 58 5 25 3 24 78 61 53 39 31 47 20 84 2 45 49 27 13 28 41 77 37 
56
36 2 55 11 54 23 1 56 24 7 51 46 21 50 43 28 20 27 5 35 26 47 6 10 30 17 13 25 48 52 38 41 9 4 44 37 31 45 49 53 40 22 29 32 8 16 15 34 42 39 19 18 3 12 33 14 
61
8 40 43 25 38 6 60 11 19 32 55 16 27 30 44 48 21 37 4 10 31 49 24 42 14 1 34 23 13 45 39 35 59 26 61 22 57 58 3 28 7 15 46 54 5 2 18 41 20 29 47 53 51 52 12 33 56 17 36 9 50 
38
9 12 35 11 19 1 4 32 23 10 27 26 24 8 37 21 16 36 29 14 7 15 20 3 22 17 5 6 30 18 33 13 25 28 34 2 38 31 
57
54 29 25 53 7 45 24 55 50 36 8 19 39 21 1 51 37 34 42 44 56 4 12 26 17 30 33 49 52 22 9 27 31 2 23 32 3 57 47 14 35 28 46 15 40 11 16 5 18 13 38 6 41 48 43 20 10 
80
26 69 48 19 60 32 59 74 6 75 57 76 2 73 4 68 1 29 25 20 7 22 61 37 3 40 41 13 46 63 34 33 54 79 45 42 56 77 39 14 8 18 36 5 65 49 78 51 43 30 44 31 62 55 72 66 80 35 9 64 67 50 28 16 71 21 17 24 15 53 47 58 38 23 27 11 52 12 10 70 
