30
58
6 19 10 14 26 3 23 25 18 49 42 5 7 36 39 30 15 9 48 13 31 20 47 44 56 45 28 2 57 1 22 29 8 16 40 38 24 43 54 17 41 4 34 46 51 33 12 52 58 55 27 35 50 32 21 11 37 53 
28
8 2 28 3 21 25 7 19 17 26 11 10 6 20 27 4 24 9 13 22 23 14 5 1 18 15 12 16 
82
23 35 8 48 12 33 20 60 55 53 37 62 43 58 72 47 39 27 13 52 51 9 80 65 73 30 14 29 66 7 68 49 38 6 50 40 64 56 46 11 76 74 21 70 78 42 77 81 26 44 69 28 59 61 45 17 79 2 15 34 19 36 5 31 18 82 16 67 22 54 71 41 75 4 32 63 57 3 24 10 25 1 
41
5 36 20 27 30 33 25 9 6 35 13 4 21 32 39 19 34 14 38 7 22 8 23 18 11 15 29 3 41 12 2 40 24 16 1 10 26 37 28 31 17 
17
16 4 10 8 14 3 13 17 9 7 2 15 1 12 6 5 11 
27
15 1 4 10 12 14 19 2 13 6 23 27 20 26 9 22 24 18 11 3 21 7 25 5 16 8 17 
58
42 39 54 30 1 25 29 55 8 26 33 44 27 2 47 40 57 18 16 9 7 36 13 14 28 49 32 31 11 41 34 10 43 52 45 53 22 21 50 38 48 15 20 19 58 56 24 46 17 51 12 6 37 4 35 23 3 5 
91
2 9 50 43 66 80 54 31 10 39 85 6 82 29 56 1 17 28 61 68 19 84 21 27 58 13 11 64 24 63 34 42 51 69 3 37 88 53 75 20 77 47 91 4 44 32 16 70 41 5 22 26 83 71 62 40 49 23 33 35 46 15 59 73 76 45 7 74 57 78 30 72 52 65 90 18 48 8 81 67 25 86 60 87 79 36 89 12 14 38 55 
40
10 25 23 27 30 24 35 39 36 17 16 20 14 5 9 15 4 8 33 3 2 38 11 31 21 37 32 12 26 6 19 28 40 13 29 22 7 18 1 34 
95
49 65 66 15 52 9 73 43 94 6 36 17 21 90 34 59 41 78 93 62 75 63 28 58 69 47 25 83 8 76 67 27 26 74 18 60 89 3 48 5 37 91 30 38 33 23 55 80 88 12 51 11 45 20 57 35 40 29 13 32 92 44 72 46 68 61 4 84 31 42 54 7 71 56 64 22 81 53 86 85 24 2 82 87 14 1 77 16 19 70 39 10 79 50 95 
96
96 75 46 33 27 78 86 9 80 2 82 12 16 81 44 54 39 23 8 5 22 18 42 57 37 6 20 7 87 63 47 93 1 90 24 53 25 84 43 68 51 34 67 88 26 45 65 28 40 19 29 36 91 76 32 72 3 83 77 85 55 64 70 73 79 59 52 14 49 62 30 15 4 94 11 66 50 74 71 69 61 89 48 41 56 17 92 13 31 10 38 35 58 60 21 95 
40
8 7 30 4 18 9 26 20 6 34 3 11 22 17 24 15 5 21 40 29 2 19 35 13 31 33 36 14 23 38 32 39 25 12 37 27 16 1 10 28 
81
61 57 49 24 80 77 51 48 17 15 28 16 55 6 30 27 66 8 35 13 37 11 29 25 14 26 7 58 1 36 76 45 4 41 31 78 42 69 21 19 75 5 40 74 52 79 47 44 46 53 2 73 10 23 54 60 34 38 12 56 62 3 39 70 33 71 20 72 64 22 67 65 43 68 63 50 32 9 81 18 59 
67
32 67 8 19 9 2 30 34 15 59 47 28 11 33 64 12 56 53 46 20 22 16 14 29 60 63 42 35 3 48 27 62 50 25 49 55 21 17 43 4 38 7 58 31 1 24 18 39 26 40 13 5 65 66 52 10 41 6 36 61 51 44 45 37 57 54 23 
61
25 34 29 8 4 24 16 41 46 37 55 26 7 58 50 12 5 59 52 20 21 38 31 28 53 48 27 49 1 30 19 43 40 44 60 15 45 61 10 42 35 9 2 11 39 17 13 3 33 47 32 23 57 18 56 22 51 36 54 6 14 
17
14 13 8 12 9 7 1 5 16 4 6 10 15 2 11 17 3 
80
49 66 11 65 36 37 12 38 53 51 14 7 39 60 31 68 23 50 15 34 71 67 8 62 32 3 43 44 64 17 13 63 40 55 46 27 22 76 16 80 2 20 73 74 54 57 69 79 26 18 5 24 19 33 25 72 28 41 61 45 1 47 59 21 29 75 52 9 30 70 10 48 58 77 35 78 6 56 42 4 
39
4 8 37 36 11 9 39 27 17 13 2 30 32 38 23 19 12 24 15 21 7 18 1 33 16 26 29 25 14 5 20 31 6 10 28 34 35 22 3 
100
12 68 2 99 83 48 50 53 27 55 42 11 15 85 44 40 59 46 78 67 91 20 79 93 58 30 18 90 7 98 88 76 74 28 97 87 13 24 39 84 32 41 21 63 36 45 89 35 33 82 47 8 75 1 10 38 54 9 100 34 95 49 81 72 3 66 62 51 26 14 52 64 70 86 37 60 4 23 56 96 69 25 6 43 19 94 92 61 5 77 29 65 16 57 17 71 22 73 80 31 
7
3 7 6 4 5 1 2 
23
13 3 20 10 23 9 2 8 4 12 14 21 22 7 16 15 11 1 17 5 6 19 18 
15
7 1 15 3 10 13 11 12 5 8 2 14 6 9 4 
62
45 55 6 52 2 19 50 8 14 32 56 17 58 44 24 42 33 9 25 28 39 49 57 4 22 10 37 3 61 31 20 29 11 15 43 7 40 27 34 41 23 60 46 62 54 30 12 38 26 5 1 13 59 21 47 16 48 35 53 36 18 51 
57
39 25 57 33 44 38 18 15 30 45 27 29 1 24 43 52 7 50 20 46 4 5 34 2 3 12 8 51 23 37 13 14 55 28 6 17 10 35 26 54 21 32 36 56 53 48 47 19 9 42 22 31 11 40 16 49 41 
30
14 12 16 22 11 30 3 8 4 26 20 19 10 24 9 25 27 15 7 18 17 29 1 21 23 6 28 5 2 13 
62
18 21 56 10 20 19 27 53 50 41 17 8 25 38 9 12 14 35 29 39 22 37 43 6 44 57 31 23 58 34 54 32 26 2 48 52 16 62 3 60 4 33 47 11 55 13 28 49 15 24 42 1 59 51 5 40 45 30 46 61 7 36 
91
29 45 20 75 59 82 39 73 66 56 70 83 13 38 89 36 14 64 32 87 6 26 4 10 50 37 58 34 51 24 71 63 40 55 3 91 48 72 52 60 53 42 49 2 9 18 67 90 80 5 65 81 61 25 7 21 41 31 77 22 8 17 84 44 54 79 43 28 35 76 78 19 88 23 27 57 11 68 47 62 30 46 12 85 33 16 69 86 15 74 1 
20
14 9 18 7 4 13 12 5 10 1 11 8 16 3 6 15 19 2 20 17 
48
5 25 46 41 18 12 8 23 15 21 19 24 42 38 33 27 47 22 32 6 35 3 10 1 36 4 26 17 34 30 40 11 28 7 9 29 44 43 13 37 48 20 16 2 45 14 39 31 
19
6 2 8 4 7 18 13 1 19 3 12 17 9 16 5 10 15 11 14 
