53
97
34 80 90 67 70 21 14 78 1 51 77 88 26 75 38 62 87 2 29 28 47 27 93 79 84 52 89 65 95 23 13 36 83 31 91 85 56 59 76 96 20 54 30 8 17 19 58 10 3 63 33 71 7 15 40 9 94 74 61 41 81 49 55 66 39 42 18 16 37 48 35 53 86 97 72 73 25 50 22 68 64 92 43 24 12 4 45 69 46 32 82 57 44 5 11 6 60 
68
36 14 59 46 43 51 13 39 54 8 27 3 44 31 65 37 24 61 41 68 4 49 58 64 17 55 52 23 62 56 20 63 28 29 35 34 67 50 6 32 15 9 42 25 38 48 19 7 30 2 33 45 66 47 10 57 26 40 22 53 11 12 1 16 60 21 5 18 
100
26 13 17 54 6 22 29 5 75 68 24 3 7 37 21 90 69 8 94 35 20 52 49 76 70 60 39 44 86 40 27 4 41 82 32 88 73 15 36 43 53 91 38 31 48 71 56 95 61 50 14 18 33 19 64 51 10 57 72 81 30 87 99 92 96 65 46 2 23 1 11 25 66 79 84 67 59 83 45 85 9 98 93 77 58 55 80 89 47 100 28 12 34 16 97 74 42 63 78 62 
75
44 32 51 55 27 15 54 39 40 20 26 22 5 63 75 18 48 36 56 35 2 71 64 43 38 73 42 60 67 65 7 29 72 30 25 57 10 46 34 59 52 24 12 9 19 47 69 28 4 8 1 16 17 37 50 68 45 6 14 53 62 11 31 13 66 41 58 3 23 33 61 21 49 74 70 
16
7 13 12 3 16 5 4 6 1 14 9 11 8 10 2 15 
70
66 62 19 13 10 34 41 49 21 37 55 26 18 42 28 6 68 45 53 64 54 32 50 17 58 1 36 67 3 29 35 61 47 39 52 60 14 63 2 11 46 43 65 33 48 69 16 8 9 40 44 7 5 23 51 4 20 12 15 57 24 38 25 56 30 70 27 31 59 22 
75
9 35 36 28 29 18 37 64 26 72 67 48 51 42 56 53 19 50 47 3 59 60 58 5 20 4 71 10 33 69 31 68 46 6 24 57 39 17 13 30 8 34 23 70 41 32 49 75 7 63 45 40 14 43 21 65 25 52 55 1 12 22 62 54 44 2 27 16 74 66 15 73 61 11 38 
74
55 17 69 2 39 4 20 71 16 63 27 15 11 41 51 13 50 74 26 61 21 29 60 66 72 42 7 73 62 58 31 36 65 9 40 59 68 44 10 30 56 54 14 47 67 37 46 57 33 19 70 8 53 3 6 1 23 18 48 32 24 43 64 52 5 22 45 38 28 25 35 34 12 49 
37
37 31 36 7 1 6 25 16 4 5 34 19 13 8 11 12 30 15 3 29 24 35 14 18 33 9 22 32 2 21 26 10 23 28 17 20 27 
22
9 17 19 1 13 3 5 7 16 8 12 10 20 6 14 22 11 15 2 18 21 4 
48
20 33 13 44 30 31 32 35 39 7 3 26 18 23 42 43 11 19 36 41 28 14 8 10 1 6 9 12 45 46 40 16 38 5 27 34 48 4 17 2 21 47 24 15 22 25 29 37 
44
16 44 4 38 18 14 27 2 12 7 42 36 23 39 31 6 20 17 34 40 3 41 8 29 5 10 13 15 25 32 22 30 19 28 43 33 11 9 26 35 37 1 21 24 
21
8 20 16 6 9 4 15 18 1 21 17 14 7 19 11 12 5 10 13 3 2 
61
47 35 42 29 32 49 23 16 21 39 27 58 54 56 22 48 43 50 45 8 15 52 46 25 34 40 6 61 14 4 55 11 41 19 7 26 33 53 36 1 17 12 31 60 59 2 3 57 13 9 38 51 20 10 18 24 5 44 37 30 28 
52
46 51 49 17 19 29 3 36 52 7 11 25 27 30 35 24 14 21 31 8 13 37 2 12 15 16 10 22 45 1 5 47 43 32 26 50 42 23 48 39 4 34 38 18 20 33 41 28 6 40 44 9 
46
38 42 25 1 36 21 34 11 44 37 41 35 20 15 40 33 26 43 39 4 22 7 27 13 28 3 2 9 30 17 29 32 31 6 14 18 5 10 24 19 12 23 46 8 16 45 
64
56 55 40 23 24 34 16 13 47 44 42 19 64 8 10 45 6 12 52 20 35 51 15 32 14 38 61 3 57 5 60 39 7 17 28 37 1 59 58 31 33 50 36 4 63 29 2 46 18 9 54 62 27 11 41 43 49 22 26 53 21 25 48 30 
38
26 13 1 36 17 38 8 22 11 15 31 23 35 7 25 6 20 27 10 19 12 14 5 4 28 37 9 33 32 18 29 2 3 16 34 24 30 21 
53
1 44 34 16 13 12 41 22 33 32 28 49 23 9 14 7 42 46 31 18 52 43 20 36 5 35 53 3 17 48 27 38 39 11 29 10 37 47 19 21 51 50 45 4 6 25 30 8 26 15 2 40 24 
27
6 24 21 15 10 17 27 26 22 2 14 13 11 7 12 23 16 8 4 25 19 18 9 5 20 1 3 
49
49 37 4 46 27 10 38 40 31 32 48 35 7 3 39 34 45 21 43 44 8 15 28 18 19 41 33 12 2 25 29 11 42 26 30 36 20 6 22 17 9 16 47 5 13 24 14 23 1 
14
8 4 3 10 9 14 2 6 1 12 11 7 5 13 
87
61 69 86 60 16 42 19 56 65 68 17 77 3 84 76 28 70 13 75 4 31 52 71 39 20 21 25 63 67 62 50 30 45 85 59 6 2 79 73 36 54 26 1 38 41 40 33 9 66 72 11 48 87 53 55 7 5 32 82 24 74 22 80 46 78 34 58 8 64 49 18 27 15 10 12 37 14 44 43 47 81 35 57 29 51 83 23 
50
22 8 43 34 10 6 3 15 1 2 24 32 44 7 47 29 33 31 11 16 39 28 13 36 25 18 49 42 45 38 27 35 4 26 19 41 14 30 20 46 17 48 5 21 9 50 40 12 23 37 
26
3 25 1 5 2 9 19 15 17 18 21 13 10 8 6 20 4 7 14 11 12 24 26 23 22 16 
26
17 12 22 6 21 4 13 8 23 19 11 26 5 7 24 10 15 3 14 16 1 9 25 18 2 20 
82
16 64 81 82 43 26 15 20 41 62 33 50 23 1 7 55 44 79 61 24 11 4 3 18 59 8 58 27 49 76 38 63 53 72 40 60 10 37 66 73 78 19 39 57 48 13 36 28 5 46 31 2 25 75 70 22 67 35 54 14 71 45 30 51 12 56 74 17 68 65 21 9 29 32 69 6 80 77 42 47 34 52 
15
6 4 5 13 2 15 9 11 10 1 12 7 3 8 14 
41
26 14 13 29 33 2 36 23 7 18 39 21 32 10 41 5 15 27 12 3 24 20 8 16 40 17 35 4 25 22 28 31 30 37 38 34 19 6 11 1 9 
20
9 10 11 4 6 13 2 19 1 17 7 8 18 5 16 20 14 12 3 15 
58
15 22 53 16 9 36 55 17 20 31 39 47 3 27 11 57 48 41 21 32 54 5 25 42 45 56 13 43 8 40 44 52 30 51 24 6 29 33 50 10 1 35 18 2 14 7 28 26 38 19 34 46 12 49 37 23 58 4 
97
48 42 12 72 16 2 78 66 24 83 40 60 75 14 5 62 10 85 15 6 29 69 57 61 79 59 58 77 1 68 17 93 89 3 87 56 4 25 86 27 38 53 82 32 33 44 49 71 95 11 21 39 26 91 9 34 47 74 88 94 76 31 7 23 84 73 18 52 8 35 20 55 54 22 65 51 37 19 96 46 63 92 36 64 41 13 67 43 80 30 45 90 97 81 70 50 28 
92
31 49 90 17 46 14 55 63 16 73 84 44 11 48 27 3 75 40 57 33 29 32 6 36 79 18 85 74 68 2 91 71 22 58 67 7 20 39 87 4 15 37 8 25 30 52 88 72 23 43 70 56 89 50 76 34 10 59 69 82 28 12 92 26 64 60 19 61 38 24 83 42 78 54 86 62 41 5 21 51 13 53 9 80 66 77 47 45 81 1 35 65 
87
36 57 24 72 30 69 28 41 59 82 29 22 35 25 75 66 13 45 16 48 39 2 7 44 49 42 33 63 9 32 65 10 47 43 17 77 26 81 67 58 6 61 4 84 31 46 71 1 60 5 64 52 83 14 50 8 23 78 53 21 87 11 86 18 79 19 56 74 27 20 76 51 80 54 70 34 85 40 15 38 55 37 68 73 12 62 3 
37
15 22 12 2 26 23 4 24 11 1 8 28 14 5 17 25 33 9 21 19 32 30 3 18 7 35 10 27 34 6 20 37 36 29 31 13 16 
80
1 23 2 52 67 66 78 29 58 40 11 63 47 55 73 6 25 5 34 50 38 51 8 68 35 18 59 9 10 71 80 56 22 77 24 53 21 42 45 13 48 33 39 75 74 36 27 28 79 65 7 19 32 14 64 57 49 43 76 54 26 30 60 31 72 17 44 61 16 41 20 69 4 3 12 46 15 70 37 62 
38
18 23 15 25 28 10 9 5 19 32 13 34 31 38 3 30 24 6 36 1 14 8 17 12 26 2 21 7 20 33 35 16 27 37 4 22 29 11 
2
2 1 
44
36 19 42 35 26 18 29 9 6 27 28 37 41 34 38 25 39 31 40 32 11 3 30 21 43 20 13 14 17 5 24 8 10 1 7 23 33 2 16 22 44 12 15 4 
40
26 2 6 25 3 8 36 5 22 29 21 16 14 11 18 32 19 15 17 28 1 35 37 20 24 40 10 23 33 9 7 30 27 39 38 13 12 34 31 4 
93
73 23 36 55 78 15 77 31 53 56 50 63 80 69 84 3 54 26 9 76 20 75 89 40 91 16 51 47 83 28 21 35 2 25 52 65 41 92 46 88 87 1 4 38 12 71 8 58 60 22 19 48 93 5 7 6 42 39 10 34 72 30 66 90 17 11 32 33 68 43 62 59 57 85 13 81 24 45 37 49 67 74 64 86 79 82 44 18 14 61 27 29 70 
66
31 60 58 16 20 14 41 34 50 3 59 52 1 28 46 62 26 2 4 36 55 44 8 63 45 11 21 65 29 22 23 37 54 47 13 56 40 19 12 15 27 38 42 24 61 35 9 39 66 30 49 64 53 32 33 10 7 51 25 48 18 57 5 43 6 17 
38
10 5 31 9 12 35 28 30 2 32 14 27 7 37 13 15 21 23 38 36 22 4 19 26 29 8 24 11 33 17 3 18 34 1 20 6 16 25 
84
71 10 73 34 22 84 49 48 79 82 70 68 83 24 59 5 58 36 61 54 27 23 28 38 25 8 60 50 77 65 1 19 80 15 56 52 13 2 11 17 74 43 7 33 69 45 35 29 14 76 40 20 46 51 64 63 53 31 39 72 47 81 26 78 41 66 75 32 3 9 67 57 12 37 42 18 44 21 62 6 16 4 55 30 
93
49 25 19 53 46 1 76 57 71 7 8 59 66 6 62 84 13 82 93 91 32 4 44 16 80 87 65 18 69 27 56 68 64 14 50 37 38 12 34 3 73 23 61 81 54 67 74 77 88 39 21 22 70 20 85 10 30 11 31 40 51 45 24 58 26 63 5 52 75 89 60 17 47 41 90 72 92 36 78 33 42 83 35 28 9 15 55 86 2 48 43 29 79 
8
8 5 4 3 6 7 1 2 
60
36 46 59 54 44 38 30 5 53 24 42 9 6 21 2 39 16 3 8 31 18 49 13 15 35 34 57 45 1 19 29 32 10 22 4 33 60 17 11 14 52 27 55 43 47 25 50 23 20 58 41 12 56 7 37 51 26 48 28 40 
57
30 54 28 46 6 29 4 12 47 10 13 21 2 11 49 50 38 39 25 16 45 34 42 14 33 35 26 37 48 22 1 51 3 43 24 41 40 8 56 20 19 55 23 32 31 17 44 15 9 7 27 36 5 53 18 57 52 
37
32 2 17 30 5 26 14 37 28 29 33 3 11 13 23 4 6 18 35 36 21 7 10 1 8 19 12 31 27 25 15 34 16 24 20 22 9 
19
18 1 14 4 8 9 17 11 15 19 7 16 10 2 3 6 5 13 12 
18
18 7 11 12 2 10 8 16 14 3 13 5 4 17 6 15 9 1 
88
49 76 10 29 60 13 45 8 19 17 22 66 4 57 64 20 40 24 39 35 28 5 58 73 61 71 47 50 59 65 84 1 75 81 88 78 51 68 44 11 63 48 86 38 55 41 37 15 54 74 67 16 14 30 32 12 69 43 83 46 82 70 18 72 34 42 79 77 2 6 9 3 56 27 87 52 85 7 26 31 33 21 36 23 80 53 25 62 
72
55 8 39 44 13 62 11 6 56 59 5 72 58 36 9 38 50 54 7 22 18 49 68 51 2 27 33 47 30 29 65 64 46 52 20 32 43 35 48 23 28 40 34 63 17 3 60 66 4 15 53 14 1 69 19 57 42 16 70 25 45 12 67 24 37 21 61 41 26 10 31 71 
