17
9
8 5 4 1 2 9 3 6 7 
79
17 18 40 78 14 32 58 46 6 76 65 67 63 1 35 50 21 7 47 44 11 23 54 25 70 59 57 62 41 45 66 52 27 24 8 16 51 74 43 4 55 34 71 37 20 56 64 30 61 31 48 22 69 36 26 2 53 73 77 68 79 3 28 29 72 49 42 13 33 12 10 5 75 60 38 19 39 15 9 
4
2 4 1 3 
66
31 20 14 66 60 55 43 59 16 54 48 34 46 17 27 36 37 62 10 3 58 44 19 28 64 6 52 47 63 26 40 4 15 56 22 2 23 50 42 30 7 11 45 5 8 21 61 12 24 9 39 25 33 13 53 1 35 49 57 51 32 65 29 41 38 18 
30
6 20 10 8 9 5 16 26 4 24 12 21 15 25 22 2 13 3 30 18 7 19 29 28 17 27 14 1 23 11 
17
9 5 4 14 17 11 13 16 15 12 6 2 8 1 10 7 3 
45
13 24 42 31 43 45 17 20 8 15 11 34 9 28 16 1 38 12 36 10 39 22 26 32 14 21 35 18 37 33 2 25 3 30 40 5 4 41 6 7 29 27 23 44 19 
74
12 54 5 55 74 70 11 62 31 8 37 20 40 44 36 50 49 53 73 28 52 15 48 2 7 30 64 27 41 38 39 58 59 65 51 43 17 67 25 4 21 1 34 14 23 33 61 47 71 60 68 26 69 72 3 66 6 22 57 63 18 10 13 42 46 24 16 32 19 9 29 56 35 45 
32
5 8 30 28 7 32 11 16 22 19 9 3 29 17 31 18 4 24 13 2 20 25 15 14 1 27 6 12 21 10 26 23 
41
21 14 40 35 41 3 4 18 6 1 32 36 37 26 9 19 5 15 28 22 38 12 11 20 23 2 39 29 13 16 8 24 7 10 31 33 25 27 30 17 34 
55
39 10 43 49 42 30 20 31 23 28 22 55 27 24 7 5 54 2 6 40 35 29 11 33 25 37 12 52 50 51 21 53 44 41 26 15 18 48 38 17 3 14 36 9 13 1 4 34 46 47 8 32 16 45 19 
93
8 27 74 46 50 12 90 28 16 73 65 88 43 45 44 54 62 84 91 41 32 59 34 89 87 39 81 6 63 85 75 15 70 14 7 77 36 5 78 11 18 23 93 49 29 68 33 79 9 60 57 31 37 42 69 26 3 1 58 30 25 2 21 61 76 4 80 52 35 51 38 71 24 55 20 66 56 92 48 67 19 10 40 53 82 64 17 83 72 13 22 47 86 
88
83 8 28 16 2 30 86 62 84 4 1 88 10 13 87 48 58 61 42 12 66 21 55 6 18 25 50 47 35 69 68 59 46 77 52 33 80 20 9 85 60 19 56 14 63 41 22 74 37 49 67 7 5 71 79 75 54 11 43 27 24 76 15 70 65 26 34 64 53 45 3 72 39 57 23 17 40 31 73 38 29 78 81 32 51 36 82 44 
45
28 16 31 2 12 15 37 20 42 17 36 40 30 26 22 24 8 13 11 32 3 21 10 25 29 39 34 5 44 18 14 38 35 9 27 23 45 41 1 33 43 19 6 7 4 
80
25 77 49 11 10 63 79 76 80 6 44 28 42 40 4 57 9 13 67 58 38 61 26 46 50 3 5 75 8 41 54 12 18 73 29 1 31 69 52 33 55 71 24 23 39 35 2 21 60 78 51 17 22 74 70 59 68 64 30 27 65 72 66 62 36 37 47 34 48 43 53 16 45 56 7 20 32 15 14 19 
77
19 6 55 48 71 31 36 5 37 69 46 74 51 65 52 61 23 58 50 32 77 20 40 35 16 70 2 63 26 10 53 76 24 18 34 28 13 64 14 62 54 66 21 73 67 59 4 60 38 68 27 22 33 7 57 75 45 43 1 72 41 30 29 3 25 47 42 9 15 17 8 39 49 56 11 44 12 
67
9 20 44 16 43 64 39 13 29 23 5 54 18 49 2 7 55 45 40 27 51 50 46 1 6 22 60 31 41 8 38 65 4 32 37 58 48 25 62 42 36 28 15 14 52 47 67 59 56 21 63 3 11 33 35 12 30 26 53 34 66 17 10 57 24 61 19 
