38
18
18 3 2 14 11 16 17 5 4 10 7 13 1 6 9 12 8 15 
61
17 45 28 24 19 51 46 50 6 48 16 42 9 30 34 15 2 18 52 1 58 57 49 31 43 14 5 25 55 12 23 61 44 27 59 26 37 29 40 21 4 39 32 56 47 41 35 20 8 36 54 7 3 60 53 13 22 33 11 38 10 
20
15 10 13 7 18 14 12 11 5 9 17 6 16 19 8 4 1 3 20 2 
54
6 52 21 35 7 46 28 38 31 17 14 4 48 43 8 51 3 2 25 27 18 9 34 39 42 1 33 23 15 50 5 49 11 22 44 54 29 37 53 24 36 26 13 20 19 10 32 41 12 40 45 30 16 47 
6
2 4 5 1 6 3 
43
3 25 14 1 41 13 12 32 34 28 31 42 35 33 43 27 6 18 26 39 11 2 10 15 4 20 29 5 30 21 22 9 19 17 38 8 36 16 37 23 40 24 7 
3
1 2 3 
89
60 1 20 85 36 55 6 38 89 47 56 76 23 81 54 25 73 10 30 70 45 13 11 17 58 61 9 5 69 53 29 32 26 21 15 41 86 48 40 42 12 7 19 31 24 35 65 63 3 77 78 79 37 22 46 67 39 66 68 50 64 16 14 57 62 80 33 34 27 87 2 82 88 59 74 43 84 44 8 18 72 49 75 83 28 51 71 4 52 
38
38 23 22 26 36 16 17 1 8 14 12 28 4 37 35 10 31 2 20 19 32 6 33 21 25 30 15 24 3 5 29 13 9 18 27 34 7 11 
16
4 9 5 7 15 11 8 10 12 2 1 3 16 6 13 14 
50
14 38 49 24 43 48 22 13 27 34 36 17 45 20 47 41 12 50 35 44 42 11 2 30 37 39 40 8 5 21 33 1 28 3 23 6 19 18 10 25 32 4 29 16 46 15 9 31 7 26 
41
23 2 34 3 36 30 16 32 11 7 1 8 4 10 22 13 9 38 17 5 39 37 21 24 18 25 12 40 19 14 31 28 6 20 29 27 41 33 26 35 15 
98
27 54 68 74 3 90 18 66 22 45 60 73 4 91 58 38 9 97 75 7 1 85 59 23 31 63 53 6 71 84 24 25 21 52 33 72 5 89 47 19 43 96 55 28 86 67 98 11 20 65 48 10 76 46 8 79 44 42 35 82 41 16 26 32 39 34 29 36 69 49 94 13 87 78 37 15 17 81 62 77 70 2 51 83 40 56 12 64 30 57 80 50 14 88 95 93 92 61 
81
2 53 39 61 57 47 72 49 40 66 3 48 52 28 13 46 73 70 4 42 65 24 43 20 32 9 41 8 60 55 51 1 5 63 10 33 64 81 45 69 37 35 18 71 62 75 7 58 29 21 67 36 25 54 14 79 59 15 68 26 16 56 23 30 50 27 44 12 77 80 11 19 38 31 17 76 78 22 74 34 6 
45
37 36 43 10 31 14 19 21 26 18 9 41 28 3 38 29 22 40 33 23 34 24 25 27 8 13 6 1 2 4 42 20 17 15 44 12 45 5 16 35 7 11 32 39 30 
85
40 76 39 70 69 37 2 58 57 31 84 5 7 60 29 33 10 38 67 71 52 61 81 9 62 36 73 48 8 21 44 34 78 28 13 63 4 80 83 15 51 12 3 50 35 11 17 56 55 23 59 27 77 42 53 41 14 68 66 74 16 72 49 47 85 30 82 24 79 18 32 1 22 26 65 20 25 19 46 43 6 45 54 75 64 
37
12 13 25 33 29 9 20 24 18 37 30 28 21 22 23 6 5 35 1 2 4 32 36 7 19 8 34 10 3 16 17 26 27 11 31 14 15 
37
28 18 1 3 17 36 27 14 34 10 7 9 12 25 15 20 23 13 26 24 35 11 29 16 22 5 8 4 32 31 21 30 2 19 37 6 33 
18
7 1 4 3 12 13 14 9 15 11 10 8 6 2 16 17 18 5 
43
41 37 21 27 26 19 22 7 1 38 12 16 42 11 34 36 15 10 5 23 24 18 14 31 3 13 32 43 29 6 39 9 2 33 25 28 4 30 20 8 17 40 35 
77
12 20 19 50 36 39 11 73 6 61 7 70 63 5 48 76 47 75 64 49 29 3 21 25 67 4 43 27 45 14 77 41 72 74 35 15 1 55 42 53 26 33 68 31 2 65 23 62 44 18 60 8 28 40 30 10 69 66 46 32 54 9 38 34 56 52 13 16 17 58 24 37 51 71 22 57 59 
64
5 15 2 18 29 30 33 49 37 25 47 26 45 64 12 14 53 1 23 21 63 9 8 50 3 46 56 51 55 28 11 35 59 6 13 20 34 17 42 10 7 52 41 32 24 16 48 36 57 43 58 4 39 22 44 40 31 54 61 62 27 38 19 60 
55
11 35 47 29 16 28 25 39 49 23 46 50 7 5 53 20 45 24 21 22 33 2 1 42 44 4 17 12 9 52 26 3 27 10 40 31 8 6 19 51 18 38 48 37 43 54 32 36 55 15 34 13 41 14 30 
24
6 1 13 22 21 15 7 8 12 14 9 16 17 10 24 5 4 20 11 19 23 18 2 3 
64
42 12 17 31 60 18 24 29 59 50 43 39 41 55 3 1 8 64 52 63 62 30 48 45 9 47 4 2 58 54 51 5 33 23 28 37 61 26 6 57 13 15 10 19 35 27 34 38 11 20 25 7 14 46 32 49 22 16 36 40 21 56 44 53 
7
4 6 1 5 3 2 7 
39
30 8 25 2 33 4 21 3 24 1 39 31 6 14 26 9 35 36 11 17 20 32 12 13 7 15 28 34 29 18 5 10 19 38 27 23 16 22 37 
94
23 87 57 55 50 67 64 60 46 86 39 62 2 14 53 44 13 11 47 72 93 65 71 73 49 52 7 6 3 29 63 80 58 33 68 9 35 43 24 91 61 28 40 92 85 84 36 75 5 32 89 70 78 51 79 41 27 12 19 56 18 42 69 74 48 37 82 81 16 34 10 22 21 31 30 45 17 20 1 88 8 26 83 4 94 66 76 90 15 54 59 25 38 77 
85
61 49 22 72 62 81 37 19 50 35 1 60 11 18 17 41 6 31 53 2 79 23 13 32 58 29 7 70 4 26 75 27 38 34 8 25 78 56 71 69 65 45 20 15 5 12 30 68 82 43 33 73 54 3 16 42 9 85 77 28 40 74 83 76 48 10 84 46 36 57 24 14 64 59 67 55 44 21 66 39 63 52 51 47 80 
90
56 44 72 20 80 68 18 73 33 53 26 58 86 69 48 8 13 65 5 66 36 60 25 34 7 83 61 17 31 82 11 27 63 55 23 30 71 52 12 21 88 84 57 54 39 2 10 89 76 22 1 42 37 64 85 78 19 15 24 79 16 38 49 35 47 46 29 50 62 9 6 4 43 87 32 81 28 77 75 70 59 45 90 40 3 51 67 74 14 41 
78
17 40 16 63 47 14 19 50 66 51 65 41 72 57 20 12 55 61 76 78 64 58 43 46 45 53 5 38 48 32 67 6 68 7 28 60 39 69 18 75 73 54 4 62 37 70 1 35 11 71 24 44 27 25 26 2 3 52 77 36 30 49 8 22 29 23 56 15 42 9 74 13 59 34 21 33 10 31 
72
66 68 37 49 2 28 32 71 58 61 38 44 55 11 40 1 19 34 3 10 8 23 67 13 72 20 21 25 53 33 39 65 60 63 50 43 16 24 7 46 27 52 14 17 15 45 59 12 22 6 41 35 69 30 54 56 5 42 64 62 31 47 57 51 29 48 36 70 18 9 26 4 
58
4 50 2 32 52 43 1 49 54 27 36 56 15 31 42 38 7 57 58 30 48 9 8 25 21 5 6 44 19 46 41 37 10 40 17 24 23 13 22 35 26 55 47 28 53 20 51 11 3 14 34 39 12 29 18 16 45 33 
8
3 5 7 8 6 4 2 1 
40
20 10 16 31 11 17 40 25 12 13 15 26 14 39 1 23 2 34 33 28 8 4 5 36 29 37 35 18 9 32 19 21 6 3 7 22 38 27 30 24 
71
24 49 29 16 11 67 7 23 20 64 14 27 28 43 58 12 8 26 32 5 4 65 13 22 57 19 55 56 70 47 21 38 66 39 71 50 53 3 46 10 18 25 52 15 54 42 63 33 1 45 37 30 61 36 68 59 17 40 31 6 60 35 48 69 9 62 2 51 44 41 34 
19
17 13 16 2 12 5 15 6 14 9 11 10 4 1 19 3 18 7 8 
23
12 19 8 10 14 20 5 2 3 4 7 22 6 15 13 16 21 18 23 1 11 17 9 
