53
12
3 8 2 6 11 12 5 1 7 10 4 9 
69
48 44 2 21 65 39 24 53 25 52 68 56 27 37 36 9 46 17 43 55 50 14 45 54 31 60 29 13 1 8 49 12 67 51 28 22 18 61 3 63 26 34 42 6 23 41 47 64 58 57 11 38 15 30 59 19 4 10 16 35 66 62 5 7 69 32 40 20 33 
75
47 12 33 19 63 1 26 65 28 71 14 55 38 29 51 8 18 35 66 75 21 23 44 11 13 68 27 46 34 30 10 67 9 73 3 72 60 64 24 54 16 57 7 43 6 32 31 39 40 49 70 53 74 25 52 17 45 15 41 69 56 36 37 22 2 5 4 58 62 20 42 59 48 61 50 
1
1 
65
42 47 55 38 62 16 43 30 2 9 36 7 27 1 31 23 33 8 13 41 50 18 3 48 34 52 37 4 64 29 17 10 63 21 40 58 46 61 49 24 28 44 20 57 39 54 19 60 26 32 15 25 65 35 56 59 53 14 45 22 51 6 12 5 11 
57
55 19 52 1 38 16 15 22 5 7 13 35 8 12 42 40 44 43 4 14 47 36 56 2 34 30 28 49 27 45 50 18 21 51 9 17 54 48 37 39 6 46 23 3 20 32 11 10 25 29 53 24 33 41 26 31 57 
6
6 3 2 4 1 5 
42
22 39 3 28 37 33 2 13 32 42 31 23 7 1 17 10 12 29 40 16 38 4 20 6 24 5 36 27 19 18 11 26 25 34 8 9 41 15 30 21 35 14 
72
31 33 50 17 46 18 69 13 34 53 62 55 29 43 12 59 24 65 70 49 26 30 71 5 66 28 3 40 21 11 37 2 60 32 67 44 38 20 25 8 47 15 1 68 14 4 52 36 23 6 10 58 35 72 16 9 42 63 41 7 61 54 45 57 51 64 48 27 19 56 22 39 
7
2 3 5 4 7 1 6 
79
73 25 15 42 30 44 69 24 14 34 64 43 50 62 51 6 52 49 71 76 20 17 45 72 19 32 56 39 53 74 18 29 67 63 46 1 77 68 28 33 16 48 8 54 4 23 37 65 60 79 31 40 78 21 70 57 22 35 55 61 7 26 9 10 2 12 5 66 13 58 11 3 36 38 75 41 59 47 27 
1
1 
15
14 11 10 9 7 5 6 3 2 12 8 13 4 1 15 
56
40 52 55 44 24 41 30 1 47 37 16 6 3 18 49 48 8 42 53 9 13 26 5 38 27 11 35 31 15 4 54 21 50 20 33 17 43 22 14 19 7 56 23 2 45 51 34 29 39 46 25 36 10 12 32 28 
52
43 31 1 22 35 25 41 34 17 10 23 46 33 45 6 50 47 15 36 52 19 51 8 16 48 18 20 40 11 24 9 27 38 49 7 4 26 30 32 13 37 2 3 39 29 42 28 12 44 21 14 5 
19
12 15 9 17 1 13 14 8 6 10 16 18 4 11 19 2 3 5 7 
22
8 11 6 10 18 22 13 7 15 9 14 21 20 12 5 3 1 16 19 2 4 17 
14
1 2 14 3 6 4 8 12 10 5 7 11 13 9 
28
15 14 13 12 4 17 1 19 8 18 3 28 22 27 6 24 7 26 5 11 20 9 16 23 10 21 25 2 
39
16 36 7 19 26 31 17 23 38 5 14 10 28 15 9 21 22 8 34 4 20 39 12 27 6 11 35 24 25 33 37 32 18 29 1 2 3 13 30 
38
16 33 19 32 8 12 36 9 26 3 7 1 5 21 17 38 27 6 30 13 29 25 4 37 28 11 18 14 10 31 34 23 2 20 35 24 22 15 
2
2 1 
95
69 95 87 5 15 27 52 51 16 57 56 3 14 54 38 93 29 45 77 25 88 70 36 43 66 71 10 42 64 53 62 47 67 28 63 76 7 91 4 44 24 40 89 80 79 23 11 39 72 6 34 18 90 22 68 61 32 33 58 84 17 30 60 21 85 49 35 86 12 55 31 81 50 78 94 2 19 8 74 1 48 20 65 92 26 13 9 75 41 37 73 82 59 83 46 
3
2 3 1 
59
10 53 4 38 46 57 35 11 59 20 34 22 52 1 55 41 42 44 32 2 24 5 48 39 33 49 30 13 18 21 3 37 56 25 31 6 23 54 29 36 51 26 50 58 12 9 17 14 47 45 27 19 43 40 8 28 15 7 16 
24
21 5 6 11 3 10 22 15 1 18 7 20 4 16 12 19 14 24 2 9 17 23 8 13 
7
3 7 2 6 4 5 1 
90
86 20 72 82 26 18 65 60 31 4 16 90 44 21 8 41 12 46 9 64 57 7 47 23 77 55 85 13 56 79 5 19 62 66 30 84 32 35 61 2 58 54 42 74 80 6 27 22 49 50 69 70 15 53 88 76 45 38 81 33 48 29 78 37 14 17 63 68 25 73 39 1 10 59 75 52 11 43 24 28 36 87 71 89 3 40 34 83 51 67 
90
87 17 34 21 61 1 66 89 58 26 76 46 23 62 51 73 30 13 33 90 27 41 44 78 39 5 20 36 75 86 42 32 77 40 74 25 54 80 15 67 64 57 47 4 9 6 65 85 82 60 28 56 10 63 52 3 81 14 38 70 88 53 69 8 83 59 55 72 45 24 68 12 31 11 49 35 50 2 37 43 19 16 71 7 22 18 48 29 79 84 
79
47 73 18 67 3 29 36 1 33 52 7 76 44 66 6 35 68 72 75 20 63 37 64 31 34 32 43 12 41 38 10 13 42 56 61 70 59 69 30 60 14 74 45 9 23 25 65 15 57 79 77 16 17 19 8 22 4 62 27 40 58 54 78 28 46 24 49 50 51 11 2 55 39 48 53 5 26 21 71 
86
34 50 16 84 24 40 17 15 7 60 47 73 23 25 18 83 39 59 36 70 28 54 76 29 56 55 66 46 62 35 32 31 26 4 9 81 72 64 85 71 2 65 42 74 61 63 21 43 79 41 52 5 27 75 80 53 8 58 10 45 1 57 77 51 49 69 11 44 37 78 6 38 14 13 82 86 30 22 19 33 48 12 3 20 67 68 
6
1 4 6 2 5 3 
64
19 55 60 64 16 40 3 45 5 24 10 53 43 8 20 35 4 32 17 51 48 63 52 47 62 28 56 59 41 33 1 61 50 37 44 36 6 42 39 57 49 54 26 2 31 46 14 30 38 27 7 25 23 11 13 29 22 21 58 34 9 12 18 15 
87
39 26 31 38 27 15 83 44 66 50 47 82 35 55 63 21 9 18 52 65 4 64 60 23 30 33 3 73 45 81 72 67 24 85 2 10 6 17 22 40 11 61 54 46 78 53 32 70 42 59 75 77 87 16 43 37 74 80 62 71 49 51 41 58 76 28 7 19 84 48 79 5 1 57 34 36 14 69 29 25 8 20 86 56 13 68 12 
97
79 31 18 56 95 4 3 55 5 11 44 16 70 82 43 69 91 50 83 58 17 60 37 87 15 26 41 33 21 72 46 74 93 40 63 54 48 71 92 23 28 27 10 36 77 97 84 39 13 51 61 52 62 85 73 8 34 67 2 80 76 32 35 96 86 94 25 20 47 75 7 90 68 30 19 38 53 42 89 49 24 12 59 88 9 66 78 6 1 65 64 22 29 81 14 57 45 
47
17 4 21 12 14 18 25 24 13 6 15 30 33 8 37 3 16 35 2 10 22 41 9 47 31 39 36 7 11 43 34 23 27 29 38 26 32 44 1 40 42 46 45 20 28 5 19 
44
34 29 30 22 26 7 27 10 2 17 39 11 35 15 8 16 19 28 6 40 13 44 31 43 41 14 9 18 3 1 20 42 21 32 37 24 33 5 23 25 36 4 12 38 
42
8 31 28 19 7 32 9 3 14 20 4 29 33 13 17 11 23 16 40 34 15 38 42 41 22 24 26 35 10 30 6 39 21 2 37 12 25 27 18 1 5 36 
23
22 3 14 4 10 12 21 15 8 16 6 20 11 9 1 19 5 2 7 18 17 23 13 
73
19 1 55 54 69 10 26 27 65 59 8 68 39 20 16 45 18 38 62 44 12 72 37 64 23 31 50 29 67 58 66 30 42 32 49 35 34 28 7 48 51 33 5 53 70 14 22 21 40 47 60 6 71 56 43 24 13 73 61 57 9 2 25 36 15 4 41 17 11 63 52 3 46 
29
5 6 12 14 18 1 17 7 11 3 22 2 19 15 13 28 26 24 8 23 10 20 9 4 21 16 27 25 29 
35
31 24 9 27 7 21 18 2 15 29 13 1 25 12 28 19 4 23 22 34 20 32 8 26 16 5 30 14 17 6 11 33 35 10 3 
75
64 50 27 39 41 14 65 66 10 59 46 30 48 18 24 51 69 1 4 53 20 22 58 75 43 67 6 9 7 11 70 31 57 40 21 15 54 2 73 12 8 16 23 28 60 72 71 42 47 74 62 55 38 25 61 45 56 37 44 52 5 49 33 13 3 36 26 29 68 35 32 34 63 17 19 
94
29 8 70 18 54 79 19 51 50 11 39 27 88 34 30 16 14 67 65 48 90 56 7 66 72 6 84 75 3 52 36 62 94 63 43 64 13 58 24 35 20 22 86 23 49 73 57 69 77 42 17 40 32 33 60 74 31 26 53 1 9 25 71 59 46 80 45 61 12 89 10 55 68 41 91 85 81 87 15 78 5 47 76 93 4 38 92 83 44 28 21 2 37 82 
12
10 9 12 6 2 3 5 8 11 4 1 7 
4
2 3 4 1 
21
15 13 11 20 1 8 5 10 3 9 12 14 7 2 17 18 6 4 21 19 16 
62
11 53 29 57 3 14 35 19 62 45 13 2 12 18 58 28 39 30 6 33 5 46 22 34 27 23 44 56 55 10 51 49 1 50 37 17 40 25 60 42 38 8 54 21 7 48 47 15 43 20 61 36 41 24 4 52 32 26 31 16 59 9 
60
15 12 13 6 35 22 23 5 32 25 20 48 29 2 37 41 30 16 18 21 47 44 40 24 36 9 53 58 34 10 54 49 39 43 59 45 4 31 7 1 3 27 57 19 51 28 55 11 38 42 46 8 26 33 17 56 14 50 52 60 
25
1 24 11 5 19 7 6 22 4 2 17 16 18 25 3 12 13 15 23 9 14 21 8 10 20 
22
18 1 5 15 14 4 19 7 8 16 22 2 11 12 17 21 3 20 6 10 13 9 
65
39 31 14 40 62 19 22 43 5 51 35 49 15 29 32 52 21 50 41 56 64 53 33 55 61 8 60 38 47 63 57 59 25 28 44 65 7 4 24 16 37 36 30 17 27 54 34 13 48 12 2 11 18 6 9 45 10 20 46 42 1 26 23 3 58 
21
18 4 6 1 14 10 8 15 9 2 13 11 16 17 21 3 12 5 19 20 7 
