84
30
22 25 30 23 19 8 20 15 3 4 27 6 13 28 24 1 21 2 29 16 9 26 12 10 11 17 18 14 7 5 
12
12 11 10 2 1 5 3 4 7 8 9 6 
14
1 6 5 14 11 2 12 4 13 7 10 3 9 8 
52
36 27 15 12 50 37 48 47 44 16 32 29 24 18 33 8 26 34 30 39 42 17 19 11 28 40 31 52 20 9 45 14 10 4 38 13 2 51 25 49 3 46 7 35 22 41 5 23 43 21 1 6 
65
15 16 14 44 39 51 55 45 63 12 29 61 5 31 26 10 22 57 56 34 30 38 4 49 36 3 50 18 60 41 11 53 1 17 27 23 37 46 28 20 25 2 47 65 52 35 6 33 32 48 21 43 58 64 59 40 8 7 42 19 9 54 24 13 62 
45
27 35 33 26 44 42 38 15 23 30 29 17 37 24 1 45 21 11 28 32 25 34 18 20 9 16 22 13 3 2 43 41 7 4 6 40 31 39 36 12 10 14 19 8 5 
96
49 7 59 68 55 53 43 66 47 44 41 57 30 13 45 52 94 8 16 56 58 92 79 69 96 23 20 1 75 19 18 25 70 27 29 38 50 89 15 17 42 84 90 93 61 10 2 6 74 72 91 9 37 31 63 81 67 48 65 82 64 71 11 62 24 4 46 76 95 22 5 28 77 33 78 80 54 88 86 60 34 51 73 12 26 39 36 3 40 87 85 35 83 21 32 14 
4
3 2 4 1 
41
25 8 22 11 12 10 37 41 18 16 26 17 40 21 9 23 28 32 33 35 14 34 13 27 3 31 7 20 38 24 15 6 1 2 39 5 30 29 19 36 4 
53
33 27 15 25 39 48 14 30 4 51 5 38 37 19 31 53 10 44 1 18 34 36 52 49 3 45 11 13 35 8 23 21 7 50 12 16 43 24 22 9 40 20 47 41 2 28 42 6 17 46 26 32 29 
88
21 81 54 7 5 48 26 20 32 35 36 31 51 70 65 44 74 4 41 83 63 39 59 9 77 53 78 17 45 14 16 40 79 38 75 52 10 62 25 29 28 82 60 15 67 6 43 57 84 23 68 64 56 47 24 30 8 2 11 61 86 3 33 66 80 58 72 19 37 1 46 27 22 85 55 34 87 76 88 13 12 42 49 69 50 18 73 71 
21
18 19 12 8 20 11 15 2 4 5 16 6 3 10 9 17 1 14 7 21 13 
23
5 12 11 2 8 19 4 7 6 1 15 23 9 18 17 16 20 22 3 14 13 10 21 
45
42 10 15 18 12 24 13 4 3 22 45 35 14 25 23 29 37 11 28 7 43 38 31 33 6 2 44 9 30 27 20 36 1 26 21 19 5 34 40 41 16 32 8 39 17 
63
57 36 19 33 5 11 12 27 14 61 17 59 53 56 4 37 13 31 58 55 44 39 40 52 54 35 30 16 1 46 43 34 10 21 24 63 3 29 60 28 50 20 48 42 7 15 49 23 45 32 62 47 41 6 8 9 51 18 26 22 2 38 25 
60
10 60 34 41 42 27 25 53 54 28 31 38 3 33 43 48 35 22 59 52 6 20 30 37 39 9 50 24 12 47 36 7 23 51 32 17 57 26 4 15 16 44 13 56 1 49 8 2 11 40 21 19 5 46 14 18 58 29 45 55 
21
12 16 10 14 15 3 13 5 1 4 9 8 17 21 7 11 20 6 18 2 19 
50
50 44 23 8 32 5 10 49 27 46 31 17 16 26 37 13 2 18 7 22 33 28 12 9 42 35 43 36 30 38 39 34 20 29 47 40 48 6 4 14 45 41 21 11 24 25 19 1 15 3 
96
86 72 18 14 96 13 21 64 75 3 44 42 22 43 49 2 71 74 26 87 12 39 19 52 5 90 50 35 33 54 63 61 23 51 17 80 31 28 25 30 65 88 92 66 10 60 32 59 82 29 58 40 8 1 94 41 11 85 76 4 73 69 48 84 91 57 24 38 9 77 15 89 56 36 20 34 53 55 27 68 46 81 78 95 83 7 93 62 6 67 79 37 16 45 70 47 
12
8 3 4 5 1 6 7 12 10 9 2 11 
70
61 23 39 25 1 69 5 59 9 47 26 6 3 35 49 50 8 29 30 68 41 65 53 18 28 27 42 17 62 46 2 33 38 55 11 24 64 34 67 31 37 60 43 45 44 13 70 10 22 56 15 12 58 19 63 20 21 14 66 40 36 32 7 51 54 52 57 4 48 16 
45
8 21 17 33 20 15 2 38 19 31 3 40 18 30 7 10 39 41 43 44 32 35 22 11 23 28 34 37 4 13 29 36 16 6 9 14 27 25 26 12 24 42 5 1 45 
77
11 3 69 21 61 41 31 32 72 71 54 64 75 6 20 38 23 28 27 18 68 60 45 70 67 62 74 76 10 66 2 8 24 17 53 4 12 48 9 13 42 19 40 52 57 1 7 35 77 34 16 30 22 58 59 44 47 5 14 39 49 37 51 25 50 55 73 33 36 43 29 65 56 26 63 15 46 
18
15 4 8 10 18 7 17 14 16 2 1 3 11 12 6 5 13 9 
32
11 13 10 31 30 8 22 26 4 1 23 15 6 14 16 32 3 12 17 28 20 25 27 24 29 2 19 21 9 5 18 7 
55
32 20 10 28 8 35 50 46 34 12 1 44 29 54 3 38 30 21 22 27 49 6 15 40 11 42 5 39 36 17 48 26 47 37 31 2 41 4 33 7 23 18 19 25 13 55 52 16 9 24 43 14 45 53 51 
72
21 51 55 53 45 29 67 19 43 11 33 42 57 60 56 23 18 16 47 63 32 5 8 68 62 30 72 1 26 15 9 7 28 49 59 25 17 2 36 40 65 13 35 69 14 70 34 38 58 54 3 52 61 64 10 41 66 50 31 12 22 71 37 39 24 6 20 46 48 4 44 27 
48
42 6 4 25 47 33 15 39 34 40 22 12 26 9 3 10 48 17 20 5 38 45 43 41 28 35 32 8 31 29 1 27 2 14 46 7 23 19 18 44 24 16 13 11 30 36 37 21 
42
5 17 42 31 29 35 23 19 1 10 28 14 20 30 12 37 38 25 13 33 2 4 24 9 11 34 40 21 18 36 26 3 41 39 22 8 15 27 7 6 32 16 
3
1 2 3 
48
19 28 29 26 32 37 3 33 31 21 39 48 25 16 24 27 40 45 18 6 20 13 43 15 9 34 41 35 22 14 44 5 4 2 7 42 23 10 1 12 47 8 46 11 30 17 38 36 
30
16 29 13 30 6 26 7 14 12 9 15 3 11 25 23 19 20 5 28 18 10 8 24 21 2 1 22 27 4 17 
15
10 1 8 12 5 2 15 11 6 7 9 13 4 3 14 
30
2 8 15 28 9 16 18 13 24 20 7 27 4 23 6 19 30 1 3 14 25 29 26 5 22 12 17 21 11 10 
50
44 2 50 46 25 26 34 16 27 5 42 41 11 13 29 37 20 33 31 45 23 18 10 47 9 15 4 22 3 36 32 40 49 12 48 30 43 14 6 8 1 24 38 17 35 28 21 19 39 7 
41
17 25 15 16 21 9 28 24 37 23 29 32 6 3 19 38 2 39 8 14 26 10 33 12 34 30 4 41 31 18 36 11 27 40 7 22 1 13 35 20 5 
2
2 1 
38
4 32 22 11 14 7 16 20 25 29 18 37 3 34 38 5 8 9 31 27 19 23 1 33 24 15 26 17 12 36 30 28 21 13 10 2 6 35 
45
34 42 35 15 6 8 30 11 10 31 32 43 27 18 38 44 26 13 45 40 41 1 3 2 16 7 9 39 36 19 17 23 20 12 5 14 22 24 25 21 37 4 33 29 28 
55
51 13 39 10 17 20 16 53 30 47 22 23 41 37 1 12 34 45 4 15 33 48 31 32 24 44 29 2 38 3 50 40 19 18 9 27 14 8 25 36 55 6 21 5 11 49 26 42 7 43 54 28 46 52 35 
17
12 11 14 7 6 8 17 5 16 10 15 4 3 2 1 13 9 
90
24 1 83 60 61 37 48 88 9 34 90 84 75 39 89 41 57 13 71 67 59 32 21 46 43 68 76 73 55 8 62 38 85 54 2 40 72 33 23 25 52 47 4 87 28 77 29 12 16 5 86 36 17 64 50 74 22 35 10 26 80 7 15 66 31 65 20 56 3 45 69 19 51 27 82 6 70 81 53 44 30 14 63 58 78 11 79 49 18 42 
3
1 3 2 
80
1 31 2 60 25 35 48 38 70 50 49 77 56 41 45 61 29 66 32 3 75 47 59 71 34 67 80 51 57 54 15 78 40 74 43 18 69 42 26 73 30 65 19 9 62 79 72 17 6 20 16 64 55 53 36 58 33 11 22 21 28 24 14 13 4 37 39 7 8 12 27 44 52 23 5 68 76 63 46 10 
29
25 10 3 17 29 24 13 27 26 7 6 19 12 9 22 5 2 20 21 14 1 4 11 16 15 18 8 23 28 
45
4 41 6 29 35 5 32 42 44 12 3 1 25 8 7 39 18 36 27 24 19 16 10 13 2 30 43 14 20 33 9 11 31 21 38 40 22 23 37 17 15 34 45 26 28 
42
37 17 31 5 32 27 1 21 30 2 24 38 23 34 16 26 3 28 4 11 8 29 39 33 18 10 19 12 13 22 14 41 15 25 36 20 7 40 35 6 42 9 
6
2 3 5 1 6 4 
76
19 11 48 46 41 5 38 50 36 56 53 18 35 25 15 16 62 34 54 69 8 30 9 61 1 6 4 66 22 39 49 51 64 65 17 42 10 60 29 14 3 28 20 71 40 57 12 26 43 32 67 7 45 31 21 37 23 47 33 76 70 74 63 72 44 55 58 52 13 73 24 68 59 75 27 2 
55
51 53 25 4 29 1 39 28 52 9 24 44 3 47 35 13 12 36 30 37 50 7 6 45 16 23 27 42 18 32 10 41 31 15 54 8 14 46 43 55 21 48 26 19 38 22 49 33 11 17 40 5 20 2 34 
24
8 22 18 9 7 23 3 14 21 11 12 20 15 5 10 19 6 4 24 2 16 1 13 17 
27
19 20 17 25 16 2 12 4 11 24 13 18 14 21 6 10 1 3 26 8 5 9 22 27 15 23 7 
16
7 13 5 10 12 2 16 15 4 11 9 3 6 14 8 1 
20
1 17 13 15 18 11 20 3 4 10 7 9 2 6 5 12 14 8 16 19 
57
28 38 40 46 25 33 16 35 54 4 45 57 27 36 1 6 9 39 11 12 53 23 56 8 37 44 42 13 3 49 18 26 43 47 10 24 51 21 41 48 7 14 30 31 17 32 52 19 22 29 2 15 34 55 20 50 5 
27
12 17 21 16 3 2 20 6 25 10 7 5 11 8 9 18 27 24 26 14 23 22 13 1 19 15 4 
67
16 20 56 26 36 18 39 47 65 67 41 34 30 37 46 48 64 3 29 63 45 9 31 13 50 5 49 53 43 40 27 21 25 17 44 19 32 4 62 11 58 55 52 8 2 51 42 38 1 23 15 12 61 22 6 33 57 54 60 10 66 24 35 7 59 14 28 
67
1 30 4 50 19 7 51 57 20 60 67 33 42 21 10 14 41 25 16 44 40 63 15 46 66 9 48 47 36 2 12 24 64 58 45 18 6 39 22 5 31 52 62 61 28 35 54 37 65 32 13 8 17 43 55 34 59 11 49 26 56 23 27 29 53 3 38 
42
35 24 27 14 7 3 32 10 33 4 13 41 36 22 23 28 5 42 34 8 18 11 25 1 26 20 31 12 17 19 40 15 37 16 2 29 21 39 6 38 9 30 
46
46 19 12 13 6 11 44 41 35 2 5 31 24 26 36 43 7 14 25 30 45 10 15 27 29 34 4 20 1 21 40 42 39 33 23 17 9 37 22 18 38 8 32 16 28 3 
62
59 40 56 39 18 60 10 42 47 9 5 20 8 53 14 62 36 13 51 16 26 22 44 7 11 61 2 28 54 45 15 58 4 34 57 17 19 12 33 55 24 32 29 46 43 38 52 35 3 41 27 48 50 23 21 30 49 37 1 31 25 6 
39
39 2 6 36 31 25 11 30 5 3 28 8 37 21 35 10 7 34 23 17 27 22 4 20 13 9 15 32 1 18 26 19 16 38 33 12 24 14 29 
8
6 8 7 4 3 5 2 1 
79
2 5 22 60 30 68 61 35 78 13 18 15 34 8 66 79 23 16 76 36 26 42 21 53 3 54 9 32 17 14 43 38 45 52 77 62 24 56 41 49 59 4 44 51 10 73 39 33 7 40 67 28 46 12 63 57 47 1 55 74 27 6 72 71 31 37 75 25 69 20 58 48 70 11 64 19 29 65 50 
74
46 26 13 48 41 7 62 27 52 60 35 71 30 40 9 54 5 28 31 57 44 72 51 49 18 55 14 38 4 58 24 53 66 17 70 73 47 69 56 25 15 29 33 50 3 67 19 10 21 32 39 6 34 11 61 20 63 8 68 74 45 64 42 1 23 22 59 16 36 65 43 12 2 37 
39
11 29 2 31 10 35 38 8 14 21 20 24 33 39 25 19 16 37 18 23 17 34 27 6 5 12 3 36 30 26 7 1 22 15 9 4 28 32 13 
77
76 21 40 65 70 62 61 42 9 18 26 11 27 28 45 23 47 75 30 4 39 49 64 38 32 60 59 54 29 37 56 73 3 50 20 63 34 24 35 13 8 53 16 22 55 69 17 15 43 66 25 19 67 33 7 36 12 77 72 10 1 48 58 6 71 46 44 14 57 41 31 74 5 2 51 68 52 
11
2 8 4 10 11 9 7 6 3 5 1 
96
42 90 24 13 94 22 74 66 33 44 9 82 5 52 64 76 46 79 84 63 70 56 11 41 19 7 10 34 80 86 26 18 47 3 91 92 40 53 38 1 60 29 20 15 2 23 49 57 36 67 37 50 4 21 59 25 61 31 95 39 62 55 35 72 58 89 43 6 54 27 93 69 16 71 81 88 96 78 30 83 87 75 8 14 85 65 48 12 68 51 77 32 28 45 17 73 
2
2 1 
82
11 53 80 42 20 50 1 49 57 46 23 60 36 45 43 32 12 37 59 7 75 54 51 21 28 68 19 18 14 48 2 9 69 10 24 65 82 73 29 63 58 31 26 66 27 33 76 6 56 8 30 47 44 74 16 61 22 55 52 35 71 79 41 77 81 70 25 40 72 38 67 13 34 3 62 5 17 78 39 64 15 4 
95
18 20 32 17 45 2 24 48 71 79 30 14 21 25 26 57 53 42 82 55 47 49 66 88 40 33 63 31 8 92 54 46 35 16 52 10 76 5 86 4 59 73 85 87 93 19 80 36 11 75 90 38 13 81 78 1 74 62 61 56 91 3 95 89 60 29 65 77 84 58 37 7 39 27 67 34 15 44 94 12 70 23 64 9 69 22 83 43 50 41 51 6 68 28 72 
19
2 16 19 1 6 5 4 13 10 12 8 9 7 14 3 15 11 17 18 
8
4 3 8 2 7 5 1 6 
27
16 18 9 27 7 12 21 15 19 5 26 14 25 3 24 20 22 13 6 11 10 2 1 8 23 17 4 
33
16 3 32 8 30 28 17 5 6 13 31 26 15 22 14 9 10 7 21 23 11 12 4 18 19 29 1 27 20 2 24 33 25 
8
6 7 1 5 8 2 4 3 
52
11 33 47 20 24 46 32 16 35 17 39 9 48 21 18 10 38 12 36 41 15 45 29 1 5 4 7 34 44 30 23 37 31 28 27 50 14 49 42 3 8 19 2 43 52 25 13 6 51 26 40 22 
55
43 40 52 34 4 20 42 19 48 41 46 18 50 51 11 12 37 1 35 21 33 8 3 45 13 29 28 55 14 53 49 5 44 36 17 24 25 2 23 31 32 38 22 30 10 15 16 39 9 7 26 27 6 47 54 
68
36 24 38 7 32 46 26 60 47 68 59 63 29 10 23 62 49 13 2 57 8 55 33 50 39 41 15 6 28 16 56 44 14 53 5 18 31 65 61 37 20 9 52 54 42 64 45 4 30 67 3 51 27 11 17 19 40 1 12 43 21 35 25 22 48 66 58 34 
95
88 1 14 28 68 64 27 67 46 54 90 22 15 24 16 51 56 37 49 36 86 84 79 74 10 94 45 82 18 39 57 48 31 92 62 76 73 25 75 61 33 12 30 9 55 91 47 17 5 2 41 81 7 40 35 87 21 78 65 50 4 23 32 72 8 3 52 42 29 13 44 6 53 11 60 43 83 95 85 19 20 80 34 89 70 38 58 69 59 66 63 77 93 26 71 
8
2 6 1 8 7 5 4 3 
15
11 2 10 14 1 7 4 12 3 8 15 6 5 13 9 
37
24 29 10 34 15 33 32 7 11 4 17 20 21 6 37 13 36 26 30 22 14 3 31 2 8 27 12 25 9 35 16 23 28 18 1 5 19 
