79
89
37 36 72 69 2 34 56 31 20 51 65 83 27 88 30 32 78 75 59 87 60 39 11 9 1 52 8 74 57 35 84 38 73 7 55 67 66 14 19 46 13 54 23 4 10 21 16 47 81 53 24 29 45 28 86 80 26 25 17 44 70 49 62 82 12 58 79 64 22 3 63 6 71 76 77 68 48 89 42 61 18 40 41 50 85 5 33 43 15 
36
36 27 29 1 31 3 34 13 2 26 5 35 25 33 21 32 6 20 16 15 30 22 17 14 9 4 28 24 18 23 11 8 19 7 10 12 
3
3 2 1 
29
14 24 3 1 9 5 27 12 22 11 26 21 19 17 25 23 18 13 6 16 2 15 7 28 20 10 29 8 4 
88
66 35 30 86 10 56 5 61 19 8 1 60 50 82 26 40 31 64 46 15 43 53 28 32 39 68 62 58 3 20 18 38 25 87 54 7 41 42 77 44 57 2 76 59 9 16 45 70 14 65 23 33 29 81 48 71 73 11 17 6 12 69 74 24 36 47 52 83 51 27 72 84 34 55 67 49 88 85 4 79 22 21 63 78 13 75 80 37 
2
2 1 
96
36 67 56 93 38 57 17 60 11 69 86 62 54 71 88 8 89 92 84 32 48 83 50 13 58 66 28 72 51 39 29 68 5 23 55 94 90 22 1 15 14 85 3 42 19 78 10 82 16 95 18 24 47 41 37 64 76 65 87 25 45 61 46 4 12 34 26 77 35 52 70 96 53 27 44 80 30 43 73 75 9 2 79 40 91 31 59 7 49 33 74 81 21 20 6 63 
25
12 17 8 23 5 4 10 22 14 1 25 19 2 21 11 24 15 9 20 6 7 13 16 18 3 
53
26 9 18 51 3 40 32 44 38 11 2 31 22 50 37 24 10 14 41 13 12 19 46 43 16 4 7 42 27 23 33 6 29 45 34 36 5 8 49 39 48 25 17 20 28 30 47 1 15 52 53 21 35 
46
16 31 30 10 24 35 40 26 9 41 29 6 27 17 21 42 39 11 18 8 34 46 23 1 3 22 44 5 7 20 4 12 2 43 33 32 37 25 36 13 19 45 15 14 38 28 
82
35 67 80 54 26 40 10 9 23 69 30 73 33 19 37 4 20 28 22 74 68 8 36 3 78 44 60 32 49 81 14 41 53 55 13 65 5 24 75 63 48 31 43 50 66 34 29 6 77 1 42 11 52 39 57 56 76 18 25 61 58 79 2 16 51 21 59 38 7 46 62 72 64 27 82 47 71 45 12 70 17 15 
88
27 50 38 65 19 60 39 56 81 78 87 28 68 2 70 58 44 29 31 12 4 69 62 17 43 88 33 8 15 54 11 37 14 75 64 48 7 66 41 49 71 83 59 26 10 86 34 21 84 42 13 79 23 5 53 52 77 72 46 24 16 82 55 22 36 18 47 25 30 45 20 6 3 67 61 80 57 9 63 35 76 73 1 85 32 51 40 74 
28
13 23 4 11 10 25 20 2 24 7 15 5 8 28 21 12 18 9 1 22 6 17 19 14 3 27 26 16 
38
34 36 10 7 35 20 14 27 17 6 8 23 31 18 12 37 32 24 4 30 2 29 28 11 13 5 9 3 19 16 22 21 15 26 25 38 33 1 
3
3 2 1 
28
26 8 4 19 9 27 22 25 13 5 28 7 14 23 21 3 15 6 10 18 11 17 2 24 12 20 16 1 
21
20 17 4 10 9 13 7 16 8 21 12 11 3 15 1 6 5 18 14 2 19 
68
25 32 19 66 34 22 60 57 6 35 13 36 20 61 33 62 29 55 28 50 56 43 39 40 68 23 38 41 12 9 47 59 64 52 54 42 14 49 58 10 67 31 48 8 11 27 37 53 63 44 18 4 5 46 3 16 17 21 15 65 26 7 30 45 1 51 24 2 
63
47 15 53 13 35 29 7 34 19 54 61 42 8 55 60 1 63 28 48 31 9 39 30 14 22 27 46 32 20 10 5 59 6 24 58 4 52 12 37 36 33 11 38 49 21 45 50 57 17 41 25 26 18 56 40 51 44 62 3 16 2 43 23 
66
2 57 27 61 11 8 41 4 63 33 36 48 58 18 59 7 21 31 19 12 39 38 1 26 15 17 49 16 52 30 20 53 64 25 44 13 5 10 32 35 60 14 3 6 37 28 50 46 40 24 66 51 22 54 23 42 62 34 55 9 43 45 56 47 65 29 
94
90 49 19 13 71 10 60 73 22 62 83 65 48 47 18 45 37 34 91 75 58 63 72 24 56 28 57 50 39 52 43 29 23 70 20 21 40 51 74 94 17 55 36 15 81 85 78 1 80 46 27 93 42 6 67 30 16 25 87 41 89 11 79 14 2 32 3 35 82 59 92 33 26 76 9 86 7 54 12 68 4 38 61 44 31 5 64 69 8 77 53 84 66 88 
58
39 15 29 31 44 2 25 41 57 9 26 22 23 54 1 49 48 38 51 43 47 4 10 37 7 53 35 45 8 36 34 20 28 46 11 55 3 56 40 16 30 33 17 50 14 24 58 42 12 13 18 5 6 27 21 32 19 52 
97
87 56 38 37 35 28 86 50 31 58 62 93 6 41 43 8 22 77 42 76 94 25 15 81 97 20 84 67 70 40 51 74 68 64 21 33 13 26 96 52 85 92 4 75 7 78 10 27 24 16 72 9 63 32 48 12 89 18 71 3 36 83 54 65 29 11 53 61 17 90 82 23 46 1 44 30 73 69 66 47 19 95 49 39 60 34 88 80 59 79 57 14 55 2 5 91 45 
54
51 19 1 53 26 12 54 42 6 2 15 23 37 38 44 46 32 27 36 39 28 14 20 21 4 10 40 47 41 52 48 34 31 3 50 16 7 22 43 33 25 11 5 49 30 18 35 29 24 9 45 8 17 13 
52
37 8 38 32 13 49 12 36 41 48 35 16 22 6 42 11 29 18 28 47 19 25 1 9 39 50 4 51 26 5 20 33 7 2 3 21 52 40 17 44 10 15 24 23 27 46 45 30 43 31 34 14 
78
30 21 61 39 52 73 17 22 67 12 62 72 64 66 55 38 32 70 29 25 19 35 26 20 43 4 75 63 5 18 57 40 9 36 28 53 27 2 77 78 42 76 48 58 33 31 54 24 14 10 56 37 15 71 47 50 41 6 59 1 74 13 69 46 68 11 3 16 51 49 45 7 8 23 60 44 65 34 
68
15 13 9 43 51 26 20 32 17 24 23 36 25 61 62 46 41 48 8 57 14 38 10 65 44 3 68 12 4 52 53 37 58 40 63 56 29 60 35 49 21 30 47 55 7 33 34 2 54 16 1 59 31 19 45 39 11 28 22 66 50 67 27 6 42 5 64 18 
55
11 2 42 13 17 26 9 6 44 54 36 48 50 31 32 47 41 45 10 24 5 33 20 29 19 3 14 40 49 39 28 8 27 23 15 22 38 53 52 1 51 4 55 46 7 34 25 16 30 12 35 43 18 21 37 
2
2 1 
61
47 33 4 2 49 57 14 11 3 10 46 16 8 13 38 56 6 21 22 32 54 7 12 60 20 40 34 44 18 48 19 25 39 24 52 31 36 43 5 37 28 9 45 50 26 29 42 59 27 55 53 51 58 30 1 41 23 61 17 15 35 
58
50 19 8 55 12 10 49 11 29 1 57 58 32 22 54 23 28 53 52 38 15 46 20 18 41 30 39 56 5 40 45 51 27 47 31 7 44 21 33 3 4 42 34 35 36 14 16 6 24 9 17 2 13 43 26 48 25 37 
51
13 23 1 5 11 44 37 31 17 20 19 25 50 26 41 27 38 15 43 45 48 16 21 22 46 40 7 36 42 51 34 12 24 10 49 35 18 28 32 2 9 14 3 29 6 8 33 47 39 4 30 
73
11 64 2 1 4 20 37 49 24 43 45 32 22 71 47 50 44 73 66 51 28 27 61 18 13 25 23 10 41 57 14 46 21 30 63 7 5 19 72 15 70 55 69 48 58 62 67 53 56 9 39 6 3 54 17 26 36 8 31 65 33 12 34 52 68 40 29 42 16 60 38 35 59 
84
61 32 66 14 16 42 75 62 83 8 5 72 50 44 58 39 33 15 52 69 24 6 57 18 31 38 40 35 79 23 49 77 1 64 30 19 56 10 80 73 17 28 29 59 37 74 54 67 76 7 82 81 78 41 36 55 45 26 68 53 22 11 4 3 84 20 71 43 70 9 51 47 48 25 2 27 21 63 60 65 13 34 12 46 
20
14 7 5 20 3 9 8 16 12 1 11 19 17 15 4 2 13 10 18 6 
8
5 8 4 1 7 6 2 3 
38
34 2 1 9 32 5 35 29 3 19 30 23 6 25 7 37 12 24 14 13 28 18 31 26 17 38 20 15 22 8 16 21 10 11 33 4 36 27 
34
1 32 17 23 6 4 24 11 2 19 29 12 18 15 9 3 33 30 16 7 22 28 31 21 25 10 13 14 34 20 27 8 5 26 
100
80 6 95 21 32 61 11 36 69 65 39 94 43 7 47 19 27 57 64 99 85 68 9 54 44 98 93 56 89 33 29 42 45 50 18 58 78 67 100 8 97 15 53 63 51 1 37 88 74 26 22 10 5 20 66 12 77 72 31 40 13 38 48 25 16 2 41 83 62 92 59 75 70 81 55 76 82 96 86 71 79 35 91 46 28 52 17 87 84 3 73 49 34 4 60 24 14 30 90 23 
35
10 13 29 1 33 8 31 4 7 12 9 5 19 18 17 24 26 16 30 28 14 23 20 27 2 32 25 11 35 3 34 6 21 15 22 
8
7 1 3 8 4 2 6 5 
82
15 46 60 19 31 9 80 58 2 8 40 55 70 30 22 5 14 71 47 65 12 36 38 59 28 39 57 29 48 43 72 13 17 45 44 32 23 4 74 10 49 37 25 18 69 82 79 50 54 77 75 81 52 51 64 61 53 78 11 20 7 24 1 26 62 63 42 16 73 21 33 6 68 56 67 27 34 35 66 41 76 3 
5
2 5 3 1 4 
41
26 28 1 7 24 32 27 5 35 14 23 21 6 38 34 20 39 13 25 19 11 16 40 29 12 2 36 10 8 41 15 37 33 22 17 4 3 18 30 31 9 
57
14 34 47 4 18 53 46 37 55 41 2 50 29 17 3 13 31 38 6 15 28 39 27 42 40 19 1 43 21 56 57 9 49 25 45 7 20 48 36 22 54 35 8 12 51 24 23 52 33 10 32 26 30 44 16 5 11 
16
7 6 16 2 13 12 14 4 1 10 15 8 5 9 11 3 
43
14 5 27 29 12 28 18 37 31 36 30 1 4 8 25 32 9 15 17 21 20 3 24 41 26 23 42 39 16 6 19 13 11 34 43 2 10 35 22 40 33 7 38 
30
22 21 13 16 10 2 26 11 4 19 20 12 23 18 30 29 24 14 27 6 7 28 17 9 15 8 5 3 25 1 
69
57 60 11 69 46 5 36 44 47 17 20 66 53 15 1 31 35 50 9 3 48 58 23 25 65 40 56 2 10 37 41 34 7 51 21 18 43 67 26 38 54 33 13 63 28 68 39 52 64 30 6 61 49 14 29 8 32 19 62 27 12 55 59 45 16 4 42 22 24 
16
10 14 11 3 8 9 16 6 15 12 13 7 4 2 1 5 
25
15 18 20 8 25 23 12 5 6 10 14 21 24 7 3 16 9 17 13 1 22 2 4 19 11 
80
18 38 67 76 24 65 42 37 19 1 9 57 13 48 52 16 40 62 23 21 77 78 3 36 25 58 32 71 54 5 50 14 26 64 61 51 53 6 75 73 74 10 31 49 34 66 33 28 60 27 11 44 17 59 4 46 68 20 41 70 47 39 2 35 12 29 22 69 43 80 30 79 56 7 72 8 45 55 15 63 
91
78 19 35 3 27 62 50 83 72 32 18 4 84 74 30 34 26 20 51 58 47 60 10 42 54 80 23 9 87 63 44 7 16 61 6 66 8 40 21 53 71 28 57 56 14 38 33 75 69 24 13 70 64 49 77 43 48 59 41 15 37 67 85 82 45 12 90 5 52 86 39 17 79 29 11 91 36 81 73 31 76 68 46 25 88 2 89 22 55 1 65 
43
4 43 34 32 36 11 42 14 8 29 9 28 37 6 38 16 15 22 1 41 19 3 21 33 5 27 17 39 23 13 30 25 20 40 2 35 26 31 18 24 7 10 12 
7
2 3 4 1 6 7 5 
95
74 79 45 10 40 86 41 25 48 58 32 59 18 85 67 50 44 3 2 30 52 64 77 51 81 33 55 72 93 70 1 90 11 68 16 61 23 27 66 21 35 63 83 62 29 76 46 17 82 94 20 7 9 5 88 69 39 53 6 28 92 57 19 42 47 89 73 34 65 95 75 31 26 54 56 37 24 84 13 49 71 12 43 36 91 80 14 15 60 78 87 38 22 4 8 
20
10 15 9 5 11 7 20 8 3 14 12 17 13 16 4 18 6 1 19 2 
37
21 30 5 10 29 6 27 3 2 4 36 31 18 24 9 28 11 19 25 23 15 1 26 13 22 20 35 32 33 34 7 8 17 16 12 14 37 
31
12 31 3 15 24 30 5 9 11 20 10 21 27 26 4 19 25 18 14 2 6 1 7 28 16 17 29 22 8 23 13 
36
33 28 35 21 8 18 6 23 29 27 3 22 10 15 1 25 32 4 19 30 20 26 12 13 2 7 34 17 16 14 5 24 31 11 9 36 
26
8 2 13 19 4 15 11 18 5 23 6 1 3 26 24 7 22 21 12 20 17 10 25 16 14 9 
27
21 14 19 17 6 15 2 25 27 4 24 18 23 20 8 10 9 1 26 12 7 5 11 3 22 13 16 
73
23 20 65 66 1 60 72 34 59 3 10 47 51 13 43 35 62 12 9 26 46 44 5 52 45 28 8 17 36 69 61 71 21 14 55 27 6 58 70 73 7 49 37 24 68 33 18 64 38 48 4 56 31 63 30 2 16 15 19 29 57 67 41 39 11 42 53 50 40 32 25 22 54 
98
1 50 30 51 68 3 11 17 44 91 12 96 62 36 15 53 34 46 9 55 40 4 54 49 56 77 74 59 81 76 10 84 16 19 78 2 24 93 52 5 67 38 27 83 63 45 89 37 71 75 73 28 80 29 21 86 31 23 48 22 14 95 32 61 58 18 64 66 39 70 72 8 97 87 13 25 69 33 26 7 90 6 41 94 82 47 57 42 85 92 98 60 43 35 20 88 65 79 
84
68 66 28 61 53 32 76 17 55 40 46 29 1 69 51 79 7 43 52 62 38 50 47 13 11 33 48 2 83 56 54 64 26 74 42 75 82 9 72 5 49 25 23 27 14 12 67 3 30 73 84 70 80 31 22 4 15 65 10 77 81 20 59 16 78 39 19 41 34 58 21 35 37 6 8 63 60 71 18 24 44 57 36 45 
33
16 17 14 13 30 5 8 31 27 10 23 9 6 28 12 26 15 33 25 19 22 11 20 3 24 29 18 2 4 7 21 1 32 
74
17 41 6 51 65 45 63 7 22 53 54 46 61 27 31 69 20 12 36 32 34 39 30 21 55 57 23 44 49 16 1 4 59 29 38 62 33 5 10 72 68 74 37 70 24 11 15 8 64 13 18 48 58 3 67 43 42 47 28 60 66 50 19 40 73 52 56 14 25 9 71 2 26 35 
22
12 20 18 4 7 11 5 17 9 19 14 2 10 16 22 13 15 1 21 8 6 3 
48
35 19 40 25 45 41 38 39 2 22 37 21 28 14 44 24 18 20 27 10 3 12 16 5 47 23 36 17 32 8 1 4 30 48 9 29 31 15 11 42 26 6 13 46 7 33 43 34 
85
52 78 45 28 37 4 16 38 12 65 80 47 63 22 56 34 7 66 46 79 9 20 69 84 61 57 10 23 6 83 32 30 39 68 24 14 70 41 48 59 33 8 82 53 27 19 29 67 5 44 72 58 55 3 21 60 31 2 76 18 15 42 25 40 64 51 49 73 81 1 11 13 77 74 62 50 43 71 75 85 26 17 35 54 36 
29
4 6 10 12 19 20 25 14 26 9 7 1 27 17 15 22 29 5 28 16 23 21 18 13 11 3 2 8 24 
26
17 16 21 25 22 11 20 13 7 6 14 26 2 10 3 4 19 1 24 18 12 5 9 8 15 23 
35
33 1 18 7 35 3 2 28 29 26 27 22 11 21 30 20 17 12 34 16 32 25 15 19 9 4 10 8 6 31 23 14 13 5 24 
17
3 15 11 7 4 17 10 12 6 14 16 5 13 1 8 9 2 
79
79 47 18 26 78 45 46 60 22 67 55 38 72 15 5 30 1 11 23 74 77 53 57 44 19 2 24 75 7 71 6 42 36 40 61 39 37 76 12 64 33 63 31 69 48 17 58 49 25 59 32 41 13 14 21 10 8 73 3 66 68 29 43 54 34 62 50 27 16 9 65 20 4 70 56 51 35 52 28 
47
36 14 29 42 3 18 35 38 6 31 17 45 11 22 32 4 10 34 25 27 39 20 2 19 7 37 47 44 28 41 12 8 43 9 21 46 16 33 26 40 13 5 24 15 30 1 23 
61
35 56 20 3 38 36 53 54 19 14 58 10 37 27 16 42 4 26 60 6 28 46 51 52 11 18 21 50 49 55 17 15 39 1 25 41 12 22 23 44 5 8 61 48 33 13 32 7 59 34 9 2 57 45 30 40 29 31 24 43 47 
96
23 2 71 93 85 82 55 20 86 67 10 1 4 35 24 43 50 3 47 49 84 36 42 17 94 61 45 11 15 29 21 28 6 54 92 76 41 5 89 62 8 66 56 19 37 87 39 73 79 48 63 57 18 58 16 26 33 59 34 68 46 40 96 9 72 78 38 80 77 27 70 91 64 14 60 7 53 74 95 75 44 83 69 52 81 32 88 25 65 12 90 22 30 13 31 51 
53
34 30 41 50 5 27 17 42 28 4 16 21 13 43 40 11 1 2 19 32 35 29 14 15 8 25 49 45 18 22 44 6 23 9 31 12 36 39 51 48 33 7 24 37 38 46 53 52 3 10 47 26 20 
