83
56
53 43 44 29 25 22 37 16 34 42 56 23 26 24 6 33 32 13 15 49 46 50 7 19 18 20 48 30 3 11 47 27 35 45 31 36 40 21 55 8 28 38 17 39 14 9 51 5 41 52 4 1 2 12 10 54 
32
17 1 28 22 6 8 3 7 2 25 30 29 4 11 16 10 27 23 18 24 26 13 15 20 9 14 32 19 21 12 5 31 
22
4 9 10 15 6 13 8 12 11 3 19 20 22 17 1 18 5 14 21 16 2 7 
26
3 20 25 1 26 11 24 9 18 5 19 8 13 23 2 4 22 16 10 15 21 6 17 7 12 14 
47
28 8 30 35 43 26 21 42 32 38 18 9 37 15 17 44 31 2 3 45 41 12 46 6 29 34 36 47 25 11 19 23 22 14 40 4 5 39 1 24 10 7 13 27 20 16 33 
28
16 27 14 26 25 6 1 24 10 17 19 7 22 4 20 5 18 9 11 23 8 15 13 3 21 28 12 2 
42
13 18 8 33 42 28 21 12 26 19 40 11 38 4 37 5 29 22 34 14 9 10 39 41 36 17 31 16 15 25 27 24 1 7 2 35 32 23 3 20 6 30 
88
78 83 26 63 17 65 53 6 72 37 77 30 73 2 15 8 58 66 29 79 42 55 31 1 12 38 28 48 88 40 70 43 56 47 24 16 32 59 81 69 45 9 64 49 86 35 50 67 34 13 80 14 18 36 60 74 71 5 11 62 87 4 54 51 33 85 20 10 84 76 52 22 57 39 61 25 3 68 82 19 27 75 7 23 21 44 46 41 
48
26 37 6 38 9 13 34 14 17 4 19 18 42 33 20 3 31 47 43 46 23 28 22 21 8 27 30 40 7 16 15 29 35 48 41 39 44 45 1 36 25 24 32 2 10 12 11 5 
44
43 30 25 28 19 35 31 11 38 3 17 24 39 36 26 40 1 7 29 27 37 6 34 20 15 21 23 16 41 9 10 4 12 33 14 42 8 32 18 5 22 13 44 2 
97
69 50 2 7 22 72 58 39 94 18 9 53 15 32 97 42 24 26 91 1 66 16 29 77 13 48 84 21 81 6 95 92 49 62 83 68 33 60 78 45 43 56 23 70 54 85 67 47 35 86 79 64 55 37 82 74 17 20 65 89 40 61 31 8 51 27 41 59 3 90 19 30 25 5 34 75 11 88 52 96 87 36 14 71 28 4 12 10 44 73 80 93 46 57 38 76 63 
91
3 89 13 19 68 63 28 2 18 58 31 17 23 36 22 83 65 51 25 24 1 38 26 10 60 66 53 57 21 81 56 48 84 62 29 61 7 8 50 37 47 33 9 52 79 90 82 39 30 80 73 16 54 78 14 69 71 5 76 15 45 72 44 43 32 40 4 85 70 59 20 86 27 12 74 41 87 75 11 64 42 35 77 49 91 55 46 34 88 67 6 
35
17 35 29 11 30 4 21 31 25 13 2 9 32 22 34 14 8 1 24 3 27 5 6 15 20 16 12 10 26 28 23 18 19 7 33 
71
57 26 35 45 17 46 59 20 41 10 48 52 15 3 32 28 40 43 18 24 50 64 39 31 69 63 44 38 8 6 1 60 56 62 30 4 58 19 67 27 21 12 61 42 36 66 49 14 22 5 47 55 37 11 9 33 34 54 65 53 2 70 13 51 29 68 23 16 25 7 71 
51
43 14 35 2 31 4 36 34 8 42 20 15 49 32 5 50 51 44 21 24 6 13 48 1 45 22 17 9 29 18 37 16 46 40 23 3 11 19 27 26 33 41 25 39 12 28 7 30 47 10 38 
74
67 1 15 69 29 18 32 3 42 66 53 6 17 4 23 2 48 27 7 68 40 72 25 58 43 41 34 57 52 45 13 74 5 9 12 49 10 61 22 54 70 37 44 59 65 36 8 26 16 14 71 47 64 33 21 38 11 31 73 46 30 24 51 60 62 55 63 20 56 28 50 19 39 35 
37
1 21 36 20 29 17 9 23 16 33 4 7 15 11 14 19 10 27 3 34 18 32 30 13 2 28 22 35 31 24 26 25 5 8 12 6 37 
1
1 
19
7 6 3 5 8 1 13 12 10 11 18 4 16 17 9 19 2 14 15 
55
1 52 14 18 40 26 4 44 9 49 24 6 22 43 19 10 41 50 23 35 45 33 29 21 5 8 48 55 54 46 42 12 37 39 36 47 16 30 25 28 38 20 3 17 51 31 7 32 53 15 2 13 27 34 11 
19
13 8 14 15 12 16 17 1 3 11 10 5 6 4 2 19 18 7 9 
100
66 71 27 64 91 69 62 39 88 14 67 75 45 77 87 94 30 12 61 72 59 85 21 28 34 96 84 54 63 4 15 43 19 86 50 98 47 24 70 41 35 13 89 81 56 31 76 55 5 11 9 74 92 37 16 90 26 38 22 29 10 6 25 83 7 68 23 60 100 58 73 1 36 44 42 32 40 3 93 65 79 17 20 82 99 80 8 2 49 97 57 46 53 18 48 52 51 95 33 78 
18
5 17 10 7 14 12 15 18 4 3 6 8 1 13 2 11 16 9 
78
47 40 12 61 15 13 10 29 27 76 67 7 43 69 33 26 4 72 30 74 35 57 56 52 9 44 77 31 20 37 45 65 42 55 38 21 46 51 16 6 17 8 64 50 48 36 66 62 39 11 53 5 49 24 23 75 2 59 58 63 73 68 22 19 54 14 32 41 70 1 25 78 28 71 34 3 60 18 
31
10 24 28 8 9 2 1 12 11 18 29 27 21 6 14 16 19 15 7 25 17 13 23 3 4 5 22 26 31 30 20 
29
10 14 13 8 2 18 3 20 11 29 19 23 24 15 4 7 21 1 22 9 5 26 28 25 12 17 16 27 6 
15
15 8 6 1 14 13 3 11 12 5 7 4 2 9 10 
3
3 2 1 
75
17 11 33 35 27 62 57 60 22 75 47 52 70 25 56 20 39 40 32 69 38 74 9 72 30 55 4 28 15 59 66 13 16 26 12 65 49 63 42 36 10 5 45 3 2 1 18 73 71 24 53 67 14 43 7 61 19 68 50 58 29 41 46 31 23 21 64 48 54 37 44 34 6 8 51 
64
34 7 56 45 27 31 64 63 9 37 3 41 46 6 32 22 5 15 19 21 18 38 36 62 4 35 54 52 12 8 47 26 49 33 42 13 24 25 10 61 39 1 60 29 2 50 53 51 14 11 59 55 57 58 43 40 23 17 30 20 28 48 16 44 
14
14 6 4 3 5 8 13 7 2 11 10 12 9 1 
88
55 15 87 5 81 73 26 62 6 7 71 64 23 22 4 54 45 3 27 77 80 1 37 46 88 24 42 20 58 38 34 57 19 29 21 17 48 70 31 61 59 79 82 41 10 40 85 14 12 50 63 74 66 30 69 39 2 43 52 53 76 65 9 28 16 8 33 86 67 84 83 56 75 78 13 44 68 25 47 32 49 36 51 18 35 60 72 11 
2
1 2 
93
39 1 80 16 72 84 20 82 55 10 60 61 62 38 87 63 37 40 2 49 9 58 42 33 79 91 29 65 46 23 32 78 51 21 18 14 11 26 15 69 54 77 27 12 4 70 86 59 7 89 68 6 64 17 56 28 44 88 19 41 81 47 75 35 53 45 50 43 76 66 67 36 92 8 73 48 25 57 85 71 22 3 93 31 74 24 34 83 5 52 30 13 90 
27
1 12 7 14 6 22 2 20 27 5 23 17 18 19 26 10 24 3 9 13 11 8 21 25 15 4 16 
33
25 6 3 18 19 30 26 8 29 5 16 32 28 33 11 15 22 9 17 27 13 24 4 7 1 2 23 31 10 12 21 14 20 
61
9 18 48 60 8 6 1 38 17 47 34 46 58 27 25 50 35 21 52 15 37 22 51 39 5 4 31 43 10 44 33 29 2 55 20 28 13 19 3 59 14 12 57 11 40 23 54 61 36 24 41 32 56 49 7 16 26 53 45 42 30 
4
1 2 3 4 
48
24 40 12 20 25 46 18 19 22 6 36 29 15 47 39 13 44 45 30 16 9 3 11 23 2 33 41 10 21 35 4 26 42 48 7 28 43 17 37 5 14 8 27 34 32 31 38 1 
9
6 9 3 1 5 8 2 4 7 
40
11 37 18 15 29 30 3 6 14 21 17 25 5 12 23 19 33 40 28 4 7 27 9 20 2 26 38 35 32 1 36 16 22 8 34 13 10 24 31 39 
27
22 3 8 27 13 5 11 10 12 17 20 4 21 7 15 14 18 23 19 2 1 16 6 9 26 24 25 
69
2 11 39 54 32 1 29 38 62 48 44 34 30 31 17 51 4 9 36 55 8 41 66 61 68 20 64 46 59 26 5 47 52 22 27 13 16 60 28 40 45 23 7 25 33 12 57 58 56 43 19 24 15 67 3 37 69 50 21 18 53 49 6 35 10 42 14 63 65 
85
71 5 84 28 60 9 18 77 4 50 85 36 82 76 83 37 21 47 8 6 41 69 35 56 59 80 66 52 26 43 30 39 22 17 42 55 64 32 78 48 10 53 23 19 33 68 73 44 62 58 63 79 72 49 3 81 46 1 70 11 40 34 51 65 7 27 74 24 31 13 38 12 67 2 45 75 61 57 54 14 15 25 16 20 29 
52
50 41 26 16 9 43 42 29 15 25 30 3 32 52 45 7 47 46 36 13 48 12 37 34 35 31 4 28 44 10 6 38 5 17 24 23 1 8 11 40 19 22 27 18 2 49 33 20 39 51 21 14 
34
18 28 3 15 12 21 27 31 4 8 9 33 13 1 26 5 20 17 29 30 7 6 16 22 23 34 14 19 32 11 25 10 24 2 
5
3 4 5 2 1 
43
37 15 7 5 21 19 12 26 11 10 23 16 3 2 31 40 35 42 30 39 9 20 27 43 18 34 13 14 38 1 36 22 17 8 28 41 33 29 24 6 4 32 25 
84
57 64 4 78 49 81 21 5 34 33 42 31 15 47 51 44 82 59 50 46 55 19 80 25 56 40 83 2 17 27 7 28 62 23 41 26 20 52 79 69 22 67 8 77 84 13 53 65 24 72 29 74 16 68 6 11 3 70 12 39 30 73 54 60 14 48 76 63 71 37 36 10 9 18 75 1 32 38 45 43 35 61 66 58 
18
17 12 10 16 13 18 7 1 9 15 4 6 8 2 5 3 11 14 
53
15 31 43 2 23 3 9 13 4 52 40 26 38 8 14 22 19 32 16 50 39 35 47 25 41 27 17 29 33 36 53 45 11 42 28 44 12 18 1 21 48 7 51 46 34 37 20 5 30 24 49 10 6 
37
23 21 27 37 6 32 15 9 31 20 10 28 26 1 34 5 36 19 24 16 13 2 7 35 30 17 14 11 4 29 8 12 3 33 22 18 25 
58
52 6 22 2 14 32 21 1 39 17 47 58 34 50 53 38 3 8 35 51 41 29 16 10 43 23 31 25 13 55 28 24 56 18 15 49 30 46 45 9 11 33 27 20 54 37 5 48 57 44 40 7 36 19 42 12 26 4 
78
3 42 56 62 48 44 52 30 72 20 60 61 35 21 75 33 16 1 4 6 69 15 38 66 64 7 34 5 31 67 36 41 53 27 58 55 29 49 54 47 51 22 19 11 78 28 9 50 63 39 32 8 45 37 68 17 59 65 25 26 10 71 74 76 13 77 24 40 73 70 43 2 14 46 23 18 12 57 
29
25 16 27 14 3 26 28 15 6 20 8 11 17 19 1 4 23 29 21 22 13 12 5 7 24 18 9 2 10 
45
15 23 18 3 34 38 32 22 19 1 13 29 37 24 43 10 36 20 9 33 40 30 35 14 8 41 26 45 21 16 5 31 44 6 42 28 11 25 12 7 4 27 39 2 17 
16
4 10 6 16 1 11 7 8 15 13 12 14 2 5 9 3 
82
25 57 71 66 80 60 1 12 82 18 79 7 13 26 4 33 67 11 36 45 22 42 20 58 55 51 69 59 29 62 41 81 68 44 54 70 28 30 38 73 37 64 48 49 61 15 74 63 65 17 46 27 52 76 8 50 21 72 23 3 16 39 6 43 2 56 24 77 5 14 35 75 78 31 47 34 40 9 53 32 10 19 
90
64 30 10 28 65 71 24 20 79 42 7 2 86 31 12 82 63 68 50 66 32 87 58 83 8 44 70 6 13 81 21 72 1 34 59 80 51 29 45 15 60 76 3 14 49 33 47 90 89 53 46 67 38 36 41 4 75 78 56 55 52 39 62 73 48 61 23 54 11 22 19 43 85 74 40 84 37 25 9 69 77 16 27 26 17 18 88 5 57 35 
41
4 28 35 12 30 25 26 19 21 15 24 40 10 37 8 32 29 2 20 9 7 6 1 41 3 18 11 16 38 27 34 17 23 14 36 31 5 22 39 33 13 
20
16 19 11 9 12 13 18 4 7 14 20 8 17 5 1 3 6 10 2 15 
3
3 2 1 
94
9 21 71 39 19 76 2 85 63 28 46 87 32 20 51 37 48 69 31 44 83 64 49 91 14 12 35 36 79 22 3 23 26 67 62 56 55 47 1 29 90 38 66 80 59 33 30 41 84 27 6 81 61 74 70 7 16 42 11 78 92 94 24 93 18 17 89 50 73 65 58 68 72 88 4 34 45 77 52 43 82 40 5 54 75 8 25 57 60 53 15 13 86 10 
1
1 
61
18 9 43 2 29 49 50 3 4 55 51 30 44 11 28 8 56 27 6 25 47 14 35 19 16 54 40 22 42 13 17 7 57 26 1 24 5 23 33 10 48 58 15 39 12 60 52 34 21 37 31 61 38 20 32 36 41 59 46 45 53 
60
42 51 8 49 41 27 52 60 18 22 55 3 46 36 29 15 26 24 2 39 21 7 43 11 50 6 19 10 35 40 37 12 4 44 53 45 38 58 48 28 16 9 23 47 57 30 14 20 5 59 1 25 56 31 17 54 33 32 34 13 
26
16 9 14 21 7 1 8 5 23 20 18 11 4 24 6 22 25 2 3 26 17 13 12 10 15 19 
30
19 17 13 26 16 14 28 4 23 27 10 30 12 1 21 8 11 25 3 15 2 18 22 24 5 20 29 9 6 7 
42
3 12 37 32 6 40 42 2 8 13 38 27 10 31 7 9 20 18 34 28 4 24 14 19 33 29 21 41 23 39 15 35 30 25 36 5 1 16 17 22 26 11 
41
24 36 37 17 29 35 27 6 12 15 23 34 3 32 26 8 4 10 18 33 2 16 31 30 19 13 22 7 40 41 20 11 39 21 1 14 28 5 25 38 9 
3
3 2 1 
99
95 83 78 87 65 44 72 58 16 88 53 40 69 67 77 24 26 92 75 18 21 15 6 35 14 93 10 13 82 90 42 61 3 71 66 43 97 89 29 76 91 8 45 84 59 51 47 7 54 22 81 73 36 46 38 55 52 64 50 28 68 4 31 56 60 9 74 41 86 20 70 1 98 96 17 23 30 12 37 49 32 63 27 33 2 62 19 34 39 11 79 99 85 94 5 25 48 57 80 
83
50 53 66 19 52 77 12 71 37 29 39 76 35 3 17 48 2 55 4 25 41 22 27 14 80 43 6 45 32 23 5 73 68 15 7 82 11 9 34 28 1 56 31 61 74 79 26 57 46 21 24 81 40 59 83 78 51 70 30 65 58 33 38 13 36 54 16 47 42 62 67 8 72 44 64 60 49 18 20 69 75 10 63 
66
42 52 54 22 37 17 51 29 31 21 28 66 46 45 36 38 58 43 32 49 44 48 53 26 25 24 55 15 39 8 62 1 10 2 11 57 14 4 61 12 13 50 40 20 18 59 64 34 35 56 23 9 19 5 3 63 30 27 41 16 6 60 65 7 47 33 
36
4 26 33 17 21 10 20 13 15 30 34 6 1 32 27 16 9 25 3 8 24 35 28 19 12 29 11 5 7 14 36 23 2 22 31 18 
35
19 15 4 23 26 35 5 16 21 7 2 34 27 32 3 17 10 30 11 31 24 14 29 18 9 6 8 13 28 12 22 25 1 20 33 
36
36 22 32 25 9 11 2 15 23 8 6 33 29 21 27 16 20 10 18 1 26 28 4 13 35 31 12 19 30 24 34 7 14 17 5 3 
33
4 12 6 2 5 20 25 21 31 18 1 26 24 22 23 28 29 9 13 16 27 7 33 8 14 19 3 32 15 30 11 17 10 
23
15 6 12 2 22 10 1 11 9 8 4 17 16 19 18 5 13 7 14 23 21 20 3 
19
4 11 15 18 1 14 5 12 8 6 17 16 10 19 2 9 13 3 7 
49
15 4 49 24 9 3 44 22 34 48 40 18 11 36 43 19 7 32 38 23 27 35 25 17 31 21 30 6 1 37 33 42 20 39 10 13 2 45 8 26 46 29 47 41 16 5 28 14 12 
33
3 16 31 24 4 22 23 25 7 13 15 5 2 19 14 12 11 33 28 30 10 17 9 26 29 1 8 20 32 6 21 27 18 
68
29 57 22 3 38 31 48 25 53 60 19 58 26 13 4 10 66 36 35 47 28 30 51 17 46 9 6 1 33 67 56 23 37 20 7 12 24 45 43 44 40 65 14 32 55 2 39 61 41 64 54 50 5 63 68 52 42 21 62 8 18 15 34 49 27 59 16 11 
