42
64
23 10 8 52 60 24 55 18 42 61 13 59 49 20 37 35 28 48 4 12 56 43 15 46 64 5 38 27 32 53 16 6 62 2 26 44 45 31 54 33 58 11 25 1 41 29 7 63 34 22 30 36 17 51 57 47 3 19 50 21 14 9 39 40 
41
17 24 11 21 16 25 7 5 6 40 34 13 41 4 33 10 28 15 30 3 18 20 9 26 29 19 2 1 38 8 32 14 39 36 35 22 12 31 23 37 27 
69
13 1 9 35 21 4 28 20 27 69 59 45 11 36 66 25 38 65 57 51 2 22 47 48 42 46 63 8 53 29 7 19 17 26 55 30 54 14 50 6 49 67 32 5 41 33 31 10 61 60 58 68 56 37 52 12 18 62 44 3 24 39 34 43 16 15 23 40 64 
52
47 8 44 14 42 21 48 39 3 11 41 30 16 6 18 1 35 28 24 2 40 4 10 5 22 36 23 26 38 52 25 29 19 9 17 32 15 31 45 46 37 49 51 7 43 20 34 33 12 27 13 50 
68
12 39 10 65 3 54 27 68 14 34 21 5 4 47 64 15 56 33 59 57 36 26 28 20 44 66 67 49 46 58 24 53 61 19 63 29 2 55 6 45 35 22 38 8 60 32 7 42 48 52 37 13 23 17 51 1 25 30 16 9 11 50 41 62 43 31 40 18 
61
53 59 1 50 3 48 10 26 4 52 35 39 25 60 12 7 19 21 61 6 18 23 5 46 51 55 15 49 27 22 43 30 45 14 31 34 20 56 33 41 32 24 54 36 38 44 29 2 57 16 47 11 58 9 37 17 28 13 42 40 8 
63
31 56 47 45 28 33 49 12 29 42 22 21 18 5 37 7 38 40 6 39 41 24 14 54 13 30 20 48 17 2 16 36 8 53 61 3 10 43 59 50 27 63 58 32 23 46 60 51 19 52 4 35 44 25 62 11 9 34 55 15 26 57 1 
5
5 1 4 2 3 
46
11 28 46 6 8 12 5 45 29 7 14 2 19 41 18 24 31 1 13 17 23 27 22 20 10 16 39 38 43 37 35 34 26 33 4 15 3 25 36 9 21 40 30 32 44 42 
1
1 
21
1 9 5 14 8 16 13 7 2 15 3 11 12 10 20 18 6 4 21 19 17 
14
14 7 13 4 12 2 3 11 9 1 10 6 5 8 
33
6 13 30 26 5 24 7 31 20 3 10 17 4 32 12 15 19 11 16 2 18 9 22 14 29 8 23 28 33 21 27 25 1 
76
1 64 38 39 16 66 72 25 48 65 58 23 40 49 55 7 52 24 31 76 20 4 44 54 9 28 36 53 69 45 51 34 62 42 18 8 26 73 19 29 11 67 15 57 71 2 5 63 30 41 75 3 33 10 47 61 13 32 56 70 50 14 59 21 35 74 68 46 37 43 12 27 60 17 6 22 
56
6 10 27 56 50 14 21 4 36 41 49 48 29 1 34 42 32 8 15 45 24 28 12 19 37 7 23 39 30 3 43 33 40 9 20 18 22 51 35 31 11 44 54 55 53 46 5 16 26 2 38 47 25 13 17 52 
6
5 1 6 4 2 3 
66
1 51 52 22 6 9 13 58 3 38 16 23 66 43 18 17 29 35 14 61 54 39 62 56 7 50 48 8 45 42 10 11 26 28 49 47 32 64 27 2 20 19 12 60 41 37 55 63 46 33 31 15 59 30 44 24 5 40 57 25 53 65 21 34 4 36 
25
5 17 11 7 22 15 12 3 8 18 24 1 19 13 9 25 2 10 20 6 14 23 21 4 16 
89
86 49 29 13 54 69 48 80 76 17 56 73 72 37 6 10 58 26 19 61 15 44 51 28 64 45 78 25 9 82 3 63 11 81 20 59 71 65 21 83 31 41 84 55 62 77 34 18 75 23 22 67 8 38 87 46 60 1 32 70 57 88 36 14 66 33 79 74 85 52 50 4 12 39 30 43 35 16 7 68 42 24 47 27 89 40 53 2 5 
58
6 39 58 55 16 25 56 46 9 5 43 33 44 40 3 2 31 7 17 30 12 32 34 29 18 47 57 23 51 21 28 1 49 36 42 41 52 48 37 45 38 27 54 53 8 11 10 13 35 24 19 15 22 14 4 26 50 20 
81
46 71 70 9 40 2 17 48 51 52 56 37 47 14 38 4 53 18 12 60 34 55 20 27 1 10 78 45 64 49 44 36 81 29 42 39 22 19 58 61 74 79 41 77 31 69 59 7 63 8 11 16 75 72 28 21 73 32 15 43 57 66 80 67 23 5 50 62 13 65 3 35 25 76 54 6 68 33 26 24 30 
70
52 38 31 37 33 5 51 70 30 12 29 34 6 60 56 69 21 7 58 14 36 53 63 46 23 2 11 57 39 32 35 44 9 18 59 10 45 65 66 42 43 1 4 3 15 22 62 64 19 25 27 54 41 26 24 28 68 61 13 49 47 20 16 48 55 17 50 40 8 67 
29
2 15 14 21 13 20 11 25 24 27 28 12 17 18 19 16 26 7 1 29 10 5 8 6 22 23 9 4 3 
78
78 48 62 68 49 3 74 22 71 11 59 17 73 31 47 5 34 50 66 77 27 52 63 42 8 58 45 10 13 29 18 19 39 33 36 12 4 23 54 43 20 70 25 69 72 65 14 55 28 35 37 15 2 9 41 61 44 26 21 75 56 7 38 16 6 1 30 64 46 24 57 53 32 76 67 40 51 60 
68
51 7 12 35 27 43 20 28 56 31 13 18 53 66 50 30 16 42 37 64 6 33 68 10 45 46 47 23 32 34 25 44 61 3 15 49 52 36 38 9 54 1 48 59 39 60 63 2 65 19 40 8 58 11 29 67 24 14 41 5 22 4 17 21 55 62 57 26 
22
5 13 10 12 20 18 22 4 7 8 3 9 11 16 1 21 2 17 15 19 6 14 
98
54 39 90 68 33 65 14 86 41 3 78 44 35 29 10 21 43 61 23 98 42 9 70 92 20 53 46 31 8 82 12 6 34 18 25 73 66 27 69 59 85 89 67 58 97 19 2 45 71 72 1 16 51 26 22 91 81 7 60 93 47 30 11 62 79 36 52 17 88 37 24 87 32 80 63 13 4 95 55 48 64 94 56 84 49 38 28 75 74 40 83 5 15 57 50 77 76 96 
14
9 4 7 11 1 13 2 8 14 5 12 10 3 6 
18
12 4 14 9 7 11 3 13 16 18 15 2 5 10 6 1 8 17 
46
12 38 36 6 15 42 28 9 39 2 27 34 10 20 33 35 4 7 1 21 25 22 29 16 5 18 32 30 43 40 8 13 26 17 14 11 23 46 3 31 44 37 19 24 45 41 
66
38 52 2 9 27 4 41 56 5 35 60 28 45 66 3 54 17 29 26 53 65 44 13 64 40 61 7 51 62 47 20 37 15 11 49 43 10 8 57 23 32 1 39 48 31 6 30 12 34 14 22 18 46 36 24 55 33 58 59 42 50 25 21 19 16 63 
83
7 35 27 73 8 57 31 59 72 6 13 1 17 12 22 19 63 24 83 46 58 21 18 15 16 56 36 55 67 39 2 20 43 62 75 77 4 34 66 40 69 29 61 47 28 81 53 76 74 32 64 9 5 48 79 45 54 68 60 44 33 38 42 11 80 3 30 52 82 70 51 25 49 14 65 78 26 41 71 23 10 50 37 
39
22 8 17 35 32 30 31 20 19 27 2 1 29 6 15 7 12 33 13 23 36 25 4 34 9 37 39 14 11 10 18 28 5 21 26 24 16 3 38 
91
73 55 10 9 81 36 37 35 90 72 49 45 77 58 74 46 31 5 4 54 47 26 63 8 61 48 82 56 12 83 18 39 34 22 24 89 2 53 71 65 85 78 66 7 76 38 57 52 23 70 25 28 30 43 62 17 32 20 41 84 44 13 33 87 40 59 29 14 79 86 88 6 19 15 68 60 16 11 21 67 1 50 75 51 42 91 27 80 3 64 69 
18
16 2 7 4 9 15 3 6 14 11 18 17 13 12 10 5 1 8 
39
21 37 12 9 35 38 20 32 11 39 4 23 14 27 8 26 22 18 6 29 13 5 25 1 15 30 34 2 19 36 17 3 31 28 24 33 10 7 16 
79
56 35 64 63 19 7 32 73 54 79 36 17 57 37 44 34 21 1 78 69 47 70 27 3 43 23 68 26 39 20 18 28 8 9 38 22 30 61 74 76 40 60 6 42 52 67 50 41 4 14 46 49 29 77 53 13 65 31 66 48 59 16 25 11 72 5 12 55 75 71 62 24 51 45 2 10 58 33 15 
93
28 26 2 85 60 88 21 86 12 18 33 5 81 27 58 71 10 68 57 20 92 48 3 9 47 74 79 77 36 22 66 61 75 8 49 70 31 82 50 17 35 30 72 91 87 80 59 6 84 53 16 15 34 78 24 93 64 40 42 32 63 39 45 38 67 7 29 89 62 4 43 23 83 69 76 56 52 11 14 73 65 44 19 37 51 25 55 54 90 1 46 13 41 
46
27 12 34 37 40 11 8 39 35 6 36 44 1 17 42 14 31 4 25 21 5 26 43 28 10 7 19 16 15 22 9 45 2 46 23 18 24 30 41 3 29 32 33 13 20 38 
95
11 57 48 87 76 29 37 15 68 28 23 13 18 2 47 39 90 75 45 44 94 77 36 31 38 63 4 83 51 62 25 59 58 93 61 74 52 35 92 1 79 78 66 20 53 40 70 89 71 60 8 54 50 55 30 3 46 27 49 12 72 21 9 85 6 69 34 5 84 22 56 65 80 41 91 43 81 14 73 32 82 33 86 95 17 10 26 19 42 16 7 88 64 67 24 
66
47 51 31 10 39 59 4 29 30 15 65 43 16 38 63 32 46 27 57 7 45 48 28 58 20 9 61 37 53 22 3 21 24 1 36 56 64 50 49 60 33 12 19 26 11 34 66 62 13 44 17 40 14 35 6 41 5 23 8 42 54 2 25 55 52 18 
34
26 25 27 8 33 12 2 15 31 9 32 11 29 14 7 22 24 3 1 23 20 18 6 28 17 21 19 34 4 16 10 13 5 30 
