55
34
13 16 23 22 2 24 5 6 27 15 12 21 26 17 9 3 19 25 32 31 11 33 10 28 34 8 1 29 20 4 30 14 18 7 
88
82 11 79 28 63 61 3 76 52 20 5 87 12 29 57 35 43 69 26 47 54 45 13 25 80 38 56 75 8 51 34 33 64 23 46 60 6 22 84 66 16 31 4 49 72 7 70 65 15 17 86 41 58 77 21 10 18 27 42 9 32 30 2 59 83 78 24 74 39 88 19 1 36 81 44 62 40 53 14 48 50 37 55 85 73 71 68 67 
8
5 1 8 2 7 4 3 6 
97
26 43 81 70 33 11 18 89 39 83 24 49 56 78 44 46 20 21 71 15 93 72 53 92 90 60 1 16 88 94 50 68 84 66 96 64 2 36 45 67 19 7 82 32 85 97 73 54 23 62 95 5 31 29 38 52 80 75 35 48 63 25 40 22 10 77 58 8 69 86 30 87 4 61 28 74 3 9 51 91 34 6 42 79 55 37 41 14 76 47 12 65 57 13 27 17 59 
69
32 49 60 33 66 23 37 34 38 25 39 44 59 21 54 41 15 26 8 43 57 1 30 65 69 63 62 12 3 18 28 46 17 61 55 35 22 11 24 9 45 52 56 50 16 53 14 4 13 20 29 5 58 2 48 10 19 36 31 27 68 40 51 7 67 64 47 42 6 
3
1 2 3 
12
11 4 10 8 6 12 7 5 2 3 1 9 
86
67 75 63 50 65 76 34 58 12 7 84 13 11 8 36 62 3 35 16 56 26 42 38 59 80 40 61 81 44 10 77 49 86 72 79 64 73 71 39 47 41 57 15 2 37 6 66 14 53 68 18 24 83 46 70 1 32 69 51 22 45 19 4 27 60 30 9 5 23 74 33 52 25 29 55 28 48 17 85 20 78 82 54 31 21 43 
15
8 15 6 2 13 5 14 11 3 4 7 1 10 12 9 
15
7 10 12 2 4 8 6 15 11 14 5 13 1 3 9 
71
18 32 59 57 17 37 6 31 3 40 38 27 68 58 43 16 60 67 56 33 49 62 1 42 69 45 46 54 41 10 34 39 66 7 9 15 47 44 2 65 64 14 30 20 19 71 5 53 24 26 29 50 25 12 4 55 11 8 35 48 21 63 13 22 61 52 23 28 36 70 51 
72
15 17 59 19 71 53 38 40 3 21 18 70 49 33 13 36 62 58 11 63 23 44 50 61 56 69 28 66 55 65 10 5 29 41 34 25 14 35 24 30 39 31 7 60 57 42 64 37 48 4 26 67 22 32 51 43 6 45 9 27 8 12 46 47 2 1 20 52 54 68 72 16 
93
72 33 61 53 4 5 80 17 36 60 2 89 39 56 43 79 26 86 65 70 27 73 12 55 21 91 34 59 1 82 42 35 41 28 71 58 11 88 85 31 32 64 52 14 50 57 30 25 49 51 22 29 37 38 68 84 46 81 18 92 16 24 90 9 40 3 77 20 78 69 66 83 6 75 87 23 45 19 44 54 8 13 15 74 7 63 10 93 67 76 48 62 47 
23
14 6 1 10 4 13 21 19 20 2 16 17 12 7 3 18 8 11 22 15 23 9 5 
75
40 1 50 11 37 34 2 70 32 21 29 9 56 16 71 23 51 10 64 43 24 8 3 42 22 57 44 15 63 45 7 31 33 69 38 66 60 18 39 17 59 49 62 30 75 73 55 65 5 35 68 41 53 72 61 74 25 48 27 13 54 28 6 4 14 58 26 52 19 67 47 12 46 36 20 
39
34 33 23 16 31 12 13 28 32 24 1 18 26 10 37 36 4 19 25 20 9 7 6 3 17 8 35 39 38 2 15 30 22 14 5 27 29 11 21 
78
69 3 21 26 23 62 30 77 32 17 76 58 44 39 25 70 48 11 49 36 12 8 52 5 28 35 74 65 72 53 18 78 45 1 67 63 55 42 40 47 38 14 24 71 68 61 57 41 2 13 75 54 27 46 20 19 66 51 7 16 22 73 31 56 60 37 29 9 15 59 64 6 43 10 33 50 34 4 
85
40 35 36 42 79 31 15 64 54 23 8 69 5 50 7 82 20 19 21 57 56 55 3 38 44 75 39 29 37 53 70 77 13 71 30 11 1 68 22 4 28 62 66 52 14 51 61 33 59 85 9 80 34 2 81 18 26 65 76 78 17 73 16 48 12 46 58 41 32 24 84 6 27 63 67 10 49 72 60 47 43 74 25 83 45 
60
31 23 45 42 55 15 30 22 17 2 12 38 7 18 52 56 27 19 10 33 59 20 47 43 35 3 13 4 41 39 8 49 58 28 36 34 14 25 16 9 48 57 32 11 53 50 54 6 51 37 21 1 46 40 5 29 44 60 24 26 
18
6 4 17 1 11 10 18 3 15 12 9 2 16 14 8 13 5 7 
31
17 4 8 11 10 24 25 2 28 14 30 31 12 22 9 3 23 20 26 21 16 13 1 19 29 7 18 6 27 5 15 
79
39 34 52 63 18 56 4 27 74 6 35 69 61 43 30 79 48 11 38 47 17 29 7 5 21 16 76 8 25 26 9 65 72 36 15 70 57 62 19 44 24 41 66 53 51 71 64 49 54 77 2 78 50 3 59 55 23 28 58 12 67 31 60 37 75 20 33 46 32 22 45 13 10 73 68 40 42 1 14 
76
24 14 34 19 33 60 12 30 6 47 27 46 51 31 49 69 58 68 26 39 40 64 56 75 65 57 1 44 66 22 8 72 74 48 35 62 16 52 50 21 41 54 23 76 20 7 4 13 43 15 61 25 42 28 45 73 9 18 36 29 63 11 2 32 59 10 71 17 55 53 3 67 70 5 38 37 
51
14 42 17 28 37 2 10 40 46 4 38 18 19 48 26 23 6 31 1 15 11 3 5 16 39 41 47 25 12 35 9 27 33 34 8 49 30 32 20 43 24 29 44 7 51 21 13 36 22 45 50 
38
23 25 6 28 21 17 9 13 5 29 14 34 24 31 38 19 15 20 7 2 11 35 26 37 33 12 32 18 27 16 4 22 3 10 30 8 36 1 
76
32 49 72 31 22 51 25 7 34 35 58 59 41 69 61 8 2 46 74 67 47 60 23 12 71 39 30 1 38 24 44 53 14 9 4 66 40 63 76 13 48 54 73 28 62 19 11 50 56 33 27 26 20 3 17 10 65 75 43 70 64 68 16 45 6 15 55 5 21 42 57 37 36 18 52 29 
4
3 2 1 4 
79
59 16 28 35 26 57 2 53 17 34 29 67 47 49 75 74 21 43 6 25 12 3 37 7 70 60 52 65 33 72 13 61 30 69 32 45 14 18 68 78 48 77 63 9 5 10 40 64 11 1 15 23 79 36 58 20 19 24 44 50 8 38 41 27 55 42 46 56 54 4 51 31 76 71 73 22 66 39 62 
60
52 49 42 37 13 58 5 44 7 55 35 56 3 21 4 30 11 43 38 48 60 23 46 53 51 40 47 33 15 57 36 39 17 29 28 8 1 50 10 31 26 2 14 12 24 32 59 6 27 18 22 34 25 16 41 20 19 45 54 9 
99
67 98 38 16 89 27 83 63 29 61 17 6 30 78 54 32 12 8 96 22 48 41 35 70 77 71 23 11 21 60 81 26 94 92 66 9 36 56 31 62 88 24 72 44 1 99 64 5 74 18 15 69 58 86 19 33 10 84 43 34 75 46 55 73 37 52 97 82 13 2 65 14 87 68 59 3 20 51 7 93 85 25 57 42 91 4 50 53 79 47 49 40 80 45 28 95 39 76 90 
17
15 6 3 16 8 17 11 14 7 5 12 1 13 4 9 10 2 
19
4 18 7 19 5 8 6 12 10 1 9 13 14 2 16 3 15 17 11 
33
15 6 32 14 5 18 31 9 28 33 4 30 11 22 17 12 29 16 2 10 3 23 25 26 27 8 19 13 7 24 20 21 1 
32
10 17 29 25 1 15 19 2 31 16 28 9 22 18 23 24 21 11 3 12 26 27 5 14 7 20 4 8 13 6 32 30 
7
2 5 4 3 7 6 1 
77
5 49 42 2 60 15 54 68 46 10 41 72 51 63 43 71 21 69 29 7 14 57 16 45 66 4 40 6 30 50 53 32 38 55 9 48 77 67 39 20 52 17 12 37 70 24 33 8 1 75 61 65 62 27 76 74 36 44 56 58 13 59 25 26 23 34 64 11 35 31 3 19 73 47 18 22 28 
32
16 13 10 21 17 29 8 23 11 25 1 5 18 30 7 14 19 28 12 32 2 20 26 9 31 6 3 15 27 4 22 24 
83
1 68 24 55 33 21 3 19 35 10 31 23 30 80 34 36 4 45 27 9 56 38 46 37 58 14 16 47 44 76 22 59 83 20 26 42 32 5 2 75 61 18 62 51 39 53 79 11 28 70 52 43 6 13 65 64 71 25 82 74 17 54 49 77 15 41 50 67 66 40 60 72 29 69 57 78 8 7 63 48 81 12 73 
41
39 12 22 20 40 36 1 21 41 29 11 32 31 23 5 13 9 16 10 18 38 2 27 35 14 28 37 25 19 4 15 24 6 30 3 26 34 7 17 8 33 
2
2 1 
99
10 86 25 40 43 22 18 60 95 81 73 92 74 27 48 79 58 9 46 99 72 32 66 16 49 26 17 33 51 53 65 62 57 38 19 3 28 42 34 84 24 55 54 77 8 68 97 90 13 71 88 82 63 11 47 80 59 23 12 7 41 96 85 15 36 87 93 4 67 44 76 29 2 39 52 6 14 61 21 83 75 69 1 64 91 35 89 37 50 94 45 56 78 30 98 70 20 31 5 
93
9 81 7 92 25 80 57 78 63 30 84 38 26 65 8 51 33 22 10 23 88 58 93 34 55 16 87 64 60 11 52 54 17 4 5 86 66 50 28 47 74 20 69 14 41 43 29 21 24 71 67 83 19 72 68 3 13 35 85 77 36 32 49 18 37 79 39 59 90 31 73 62 1 15 42 70 48 53 6 27 2 89 46 61 75 91 40 82 45 76 44 56 12 
43
17 15 26 43 27 37 2 25 32 28 34 42 12 4 33 5 18 39 8 3 22 24 41 30 21 38 6 40 14 31 13 29 1 10 36 19 20 9 16 11 7 23 35 
29
22 25 20 21 26 18 24 6 16 27 29 17 13 3 12 5 28 19 9 14 10 8 2 23 7 1 15 4 11 
36
14 21 25 7 30 35 11 16 3 29 23 8 12 28 13 9 22 10 26 34 24 32 6 17 2 36 18 20 1 19 27 31 4 5 33 15 
68
11 66 33 59 26 64 2 24 58 55 50 56 27 61 44 17 51 47 16 65 18 34 41 67 8 15 62 13 63 12 9 48 53 57 6 45 20 14 5 54 23 31 60 68 19 49 25 21 22 39 36 4 3 40 52 7 29 37 1 38 46 42 10 43 32 30 35 28 
91
66 50 70 33 18 37 41 17 51 80 19 16 14 49 91 35 1 67 5 54 40 22 25 53 28 61 83 43 24 3 74 58 60 9 89 82 78 65 73 84 45 38 2 81 72 88 39 68 6 8 44 11 31 12 29 7 57 13 62 34 63 85 42 26 77 86 56 36 87 21 4 59 10 20 90 64 79 69 75 46 55 23 30 71 27 47 76 15 52 32 48 
43
19 42 10 32 18 22 38 31 6 9 16 2 40 28 21 36 29 11 15 3 20 25 37 30 17 14 12 13 4 34 26 41 39 24 5 8 23 7 1 43 35 33 27 
87
84 55 50 36 3 14 40 46 73 86 16 71 28 35 53 6 10 51 47 52 60 83 32 23 59 34 24 19 42 26 33 5 64 57 11 87 20 1 70 81 45 74 76 78 63 22 39 75 13 65 17 27 41 9 62 56 37 54 4 29 77 61 31 2 8 58 18 38 48 25 15 67 68 43 30 49 69 80 44 21 12 82 7 79 85 72 66 
90
37 85 47 82 48 78 42 51 68 64 52 66 43 19 86 23 80 12 16 83 53 3 74 13 4 49 21 20 62 73 58 54 87 8 44 33 45 24 76 38 46 63 26 90 25 69 2 17 39 28 79 31 70 32 61 67 65 36 55 72 10 11 5 41 75 15 59 30 6 22 27 77 81 9 34 50 35 84 14 29 57 60 56 71 18 40 7 1 89 88 
32
4 20 24 10 1 25 32 30 9 7 28 8 22 17 18 6 12 2 11 27 26 31 29 3 5 13 14 21 19 23 16 15 
7
6 3 2 4 7 5 1 
70
38 37 23 65 20 49 33 67 42 4 8 48 69 19 1 31 70 14 12 10 50 15 44 36 28 45 43 26 17 64 59 66 5 62 60 68 30 58 41 35 3 13 6 25 22 2 24 56 27 39 46 51 61 53 47 32 55 54 29 63 11 21 9 16 52 34 18 7 57 40 
22
11 7 16 17 6 18 12 8 19 10 9 22 3 13 21 4 2 20 15 1 14 5 
43
19 5 21 3 15 22 30 34 23 4 6 32 31 11 9 29 40 24 20 12 36 42 38 18 1 28 43 10 27 33 35 26 25 37 2 16 7 8 39 13 14 17 41 
