12
82
71 69 22 2 74 14 13 46 5 49 43 34 20 62 66 6 9 23 3 72 15 64 7 56 81 26 29 27 32 4 73 68 78 33 30 65 44 38 17 59 24 39 77 11 82 58 25 45 18 10 80 75 79 36 70 48 42 37 60 63 76 8 54 19 40 57 1 28 31 53 51 41 55 52 67 35 61 21 12 50 16 47 
99
58 27 98 9 94 74 83 56 23 6 73 53 17 91 69 61 41 15 14 44 5 47 95 1 34 99 42 7 84 35 54 46 51 92 39 10 96 63 18 2 59 67 36 28 71 65 76 3 33 38 86 60 48 11 22 12 55 85 26 37 88 90 50 29 93 4 45 13 40 81 66 75 43 68 8 16 62 80 49 70 19 64 89 87 32 97 24 78 57 20 30 77 72 25 21 52 82 31 79 
36
9 10 19 12 21 20 2 4 6 17 30 22 23 16 1 36 33 35 29 24 11 14 32 8 13 28 31 7 5 34 15 18 27 25 3 26 
48
48 42 23 11 3 47 19 13 35 4 30 26 39 2 18 5 25 34 28 6 27 43 45 32 8 40 36 22 10 31 16 33 46 12 1 29 17 24 41 44 9 15 20 14 38 7 21 37 
73
29 34 23 30 38 18 69 3 6 27 72 36 63 41 45 2 7 56 70 53 73 16 42 66 11 57 54 55 65 14 59 12 1 67 33 22 48 20 50 9 60 68 32 46 35 26 19 61 51 40 31 64 39 13 5 52 58 15 62 17 24 10 37 43 25 4 71 47 28 8 21 49 44 
23
9 14 19 2 7 18 23 6 17 8 1 4 3 21 16 13 11 12 5 15 10 20 22 
14
12 5 1 4 13 11 6 8 2 10 9 3 14 7 
47
36 30 7 11 23 18 46 3 10 33 27 12 44 26 4 19 15 2 38 8 25 40 39 34 17 35 28 16 21 5 14 9 6 22 29 47 20 37 32 13 31 42 41 43 24 1 45 
24
6 13 14 17 1 15 18 8 11 12 2 24 19 16 20 22 3 21 7 9 10 5 23 4 
22
1 17 8 2 15 21 4 16 22 9 10 18 6 11 7 5 3 19 13 12 20 14 
91
13 16 8 32 88 4 53 10 71 1 77 31 24 35 29 22 91 55 20 28 48 44 18 7 51 6 45 15 46 64 62 34 78 56 26 21 60 9 67 43 40 84 85 38 58 14 3 82 83 70 5 87 54 74 69 65 27 66 52 30 49 25 68 75 89 47 73 79 86 41 36 90 12 61 63 72 2 57 17 23 81 76 37 50 80 42 11 39 33 59 19 
83
19 63 9 53 6 22 23 42 37 26 68 47 69 8 28 44 36 75 83 27 18 65 3 2 14 52 35 48 46 32 29 30 64 72 38 57 54 49 34 15 10 24 31 41 71 13 61 77 74 1 51 56 33 62 66 39 55 59 4 80 45 5 67 43 11 58 82 50 20 73 78 16 40 12 21 81 17 7 79 60 76 25 70 
