73
96
3 36 94 86 2 63 88 15 19 9 59 78 83 34 14 18 31 52 90 66 58 70 47 10 21 39 73 54 55 38 53 8 27 5 49 67 92 50 25 1 46 17 80 40 37 68 6 57 23 43 89 30 7 81 24 93 85 44 96 4 84 60 76 74 33 32 26 51 82 64 45 77 29 12 16 56 41 48 69 42 61 75 87 91 95 65 79 35 71 62 72 13 28 22 11 20 
64
20 11 15 22 50 25 38 40 51 42 62 45 46 39 24 57 16 26 34 61 19 17 47 30 2 58 27 55 5 54 37 53 52 59 8 48 32 9 44 6 43 31 18 12 1 23 13 33 3 35 10 28 56 60 64 41 21 14 49 7 36 63 29 4 
57
46 17 28 15 11 37 2 44 43 8 41 54 53 55 35 27 25 6 7 49 24 12 56 42 33 31 30 13 26 36 57 52 9 4 19 3 29 18 21 38 45 51 50 22 47 39 1 10 5 23 14 34 20 48 16 32 40 
68
60 16 6 39 67 53 66 9 11 7 50 4 63 8 34 44 38 35 41 33 43 29 5 49 13 28 58 51 23 36 40 10 21 54 59 45 32 17 18 2 24 46 62 37 56 14 57 42 22 27 12 26 47 52 65 31 64 1 19 15 30 48 55 61 25 20 68 3 
9
5 9 6 1 3 2 7 4 8 
16
3 15 16 9 2 13 14 1 4 5 12 10 7 11 8 6 
7
7 5 3 2 4 1 6 
96
58 75 81 18 21 74 37 83 35 84 38 59 87 53 9 60 15 50 7 17 10 34 19 82 22 76 65 66 72 41 51 55 62 13 78 86 27 93 90 67 57 1 20 71 94 25 92 14 23 4 80 31 26 3 77 91 2 49 89 47 46 32 88 54 36 73 29 69 70 68 61 24 16 43 8 52 96 12 48 95 64 44 11 42 33 6 40 56 79 28 30 63 45 85 5 39 
35
35 10 14 1 2 6 15 25 21 12 31 19 28 5 20 30 29 7 23 18 16 17 9 24 11 3 8 34 27 33 13 26 32 22 4 
9
3 8 4 9 7 2 1 6 5 
83
23 81 2 17 61 58 59 74 56 39 1 37 83 44 68 79 5 43 50 15 24 42 64 67 55 54 46 57 62 40 19 25 80 71 48 41 20 72 73 70 28 78 7 22 49 3 18 63 30 53 45 27 8 14 77 65 35 9 52 16 51 82 38 12 31 26 6 32 11 76 33 34 66 36 75 69 47 13 10 21 29 4 60 
32
12 16 28 8 9 32 21 15 11 2 4 27 3 14 29 17 30 23 1 10 5 20 31 19 6 22 18 24 7 13 26 25 
41
25 7 4 23 29 30 17 19 9 3 2 28 1 27 13 16 21 14 34 22 5 35 24 15 12 6 10 11 8 37 36 41 38 18 32 40 33 20 39 31 26 
64
10 18 5 41 6 30 34 58 47 3 14 59 17 7 37 57 64 13 42 36 46 48 40 2 32 22 54 53 27 9 44 23 28 15 19 11 62 20 51 55 8 24 63 35 39 21 49 33 52 29 45 50 60 26 25 16 43 12 38 1 56 31 4 61 
39
26 1 12 21 18 28 15 34 22 37 29 3 5 9 35 7 13 39 25 10 36 17 11 38 16 30 8 32 27 31 20 19 4 23 33 14 2 24 6 
91
34 10 82 20 76 87 40 24 35 32 38 46 19 42 84 70 21 54 55 85 91 51 33 81 72 25 62 28 36 56 7 80 66 89 8 88 13 48 61 23 50 57 12 4 79 52 41 31 6 75 5 18 22 86 44 9 27 11 15 16 43 83 45 49 78 1 74 65 47 30 53 63 68 3 67 60 37 14 64 58 59 17 71 73 77 90 39 26 69 29 2 
4
3 2 1 4 
59
33 30 11 58 29 7 9 23 50 19 38 2 31 22 20 43 55 12 24 18 37 39 57 32 46 44 42 4 6 54 27 28 21 34 14 16 1 56 25 13 17 52 45 26 41 8 40 47 36 59 5 48 10 3 35 15 51 49 53 
37
11 3 23 21 24 2 18 19 29 34 14 32 30 8 16 25 33 35 12 1 27 20 4 31 6 28 15 17 26 10 37 22 36 13 7 5 9 
9
8 5 1 4 6 7 3 2 9 
100
64 85 68 2 21 25 66 61 36 27 6 73 83 13 82 55 84 3 11 16 92 72 46 96 81 14 28 1 34 88 54 12 29 57 47 44 23 51 70 19 99 77 38 78 87 58 5 26 80 31 35 15 79 65 56 43 52 22 45 97 59 24 60 49 91 18 32 100 17 8 69 4 75 63 53 67 42 41 10 62 76 7 98 48 50 40 93 71 89 9 90 33 37 20 86 94 95 74 30 39 
2
2 1 
49
13 5 19 38 35 44 43 26 25 40 34 45 39 32 15 20 30 1 33 27 29 3 23 37 46 24 16 21 10 48 9 7 12 8 49 18 14 22 36 2 28 31 41 4 47 17 6 11 42 
92
46 68 5 79 59 3 64 25 32 44 8 61 43 34 51 35 50 76 13 54 81 28 72 84 19 37 38 14 17 16 69 63 20 86 52 73 88 39 7 65 89 22 12 33 30 31 82 24 92 48 78 42 36 87 57 55 2 41 85 29 1 91 67 58 40 23 49 21 77 26 80 83 45 6 4 47 60 9 70 10 71 56 53 18 90 27 62 66 11 15 75 74 
43
28 33 14 8 32 36 1 41 30 13 7 35 38 11 17 24 4 20 18 26 19 42 10 40 37 6 27 29 5 25 34 15 31 43 21 12 16 23 9 2 22 39 3 
73
44 9 38 43 13 66 8 52 11 19 5 61 54 10 62 73 30 48 67 41 3 4 14 6 42 37 26 2 59 28 16 46 32 15 31 56 20 71 55 1 22 63 35 18 23 21 69 39 57 50 64 36 40 70 65 53 72 17 49 34 24 60 27 33 7 25 51 47 45 29 58 68 12 
35
15 22 33 26 27 19 8 24 29 5 34 30 12 7 2 13 23 25 31 17 28 20 18 11 35 1 9 32 16 3 21 14 10 6 4 
10
3 5 6 7 4 8 9 1 2 10 
43
42 39 33 10 5 20 27 35 19 21 7 25 23 9 28 34 3 36 32 22 24 8 18 6 41 14 40 16 26 1 12 31 29 2 13 37 43 11 17 4 30 38 15 
52
36 12 40 46 44 23 30 51 34 21 50 26 13 5 25 49 15 1 6 37 7 14 33 27 38 10 43 41 39 3 4 47 19 35 22 48 32 28 45 16 8 31 9 20 18 24 42 11 17 2 29 52 
1
1 
91
29 34 61 39 23 46 53 91 56 77 48 58 47 68 4 42 51 70 43 33 10 69 72 27 5 85 35 40 45 65 16 3 73 2 76 6 31 41 79 86 17 30 71 83 87 66 64 63 74 9 36 20 11 38 52 57 37 14 26 88 59 44 21 7 32 60 1 13 78 82 28 22 50 25 55 84 67 18 19 8 62 90 24 80 75 89 49 81 12 15 54 
46
21 11 45 9 46 42 41 12 37 20 22 5 35 27 10 36 19 40 15 30 26 38 43 29 1 6 31 28 32 16 34 39 33 4 17 18 3 14 24 23 13 25 44 7 2 8 
21
19 7 16 3 8 12 1 21 9 10 20 6 4 15 11 5 14 2 13 17 18 
29
27 11 16 8 6 7 29 4 17 14 15 10 21 20 2 18 22 9 1 26 13 3 24 19 5 25 23 12 28 
85
13 53 71 57 14 78 56 81 2 18 60 4 82 31 38 32 5 28 23 58 84 40 27 30 10 47 77 80 64 39 1 26 74 70 6 8 20 69 17 79 43 45 21 48 63 62 59 33 34 36 55 15 3 76 37 73 54 46 11 83 85 65 25 16 49 44 68 22 41 24 50 52 12 7 19 51 72 42 29 9 67 61 66 35 75 
29
17 11 8 25 22 23 26 5 2 12 21 18 9 29 28 6 16 4 7 14 1 15 27 20 10 13 3 24 19 
48
5 47 42 40 11 46 14 17 20 34 37 1 18 7 9 31 6 35 33 43 8 15 19 13 29 12 36 39 32 41 44 24 48 23 16 45 22 26 10 25 21 38 3 2 27 30 28 4 
61
41 60 42 54 17 43 36 56 38 1 49 32 11 57 28 5 44 4 48 23 39 15 50 3 46 55 51 45 52 59 47 26 10 19 18 9 30 25 8 35 7 33 20 53 13 40 6 24 2 27 34 37 12 31 16 22 14 58 21 29 61 
33
7 6 10 15 32 9 13 14 30 22 16 11 19 26 33 5 18 4 28 25 12 8 21 24 1 29 23 2 3 27 17 20 31 
89
52 78 4 63 21 64 57 6 44 8 27 22 25 59 65 70 67 34 35 53 9 31 12 88 17 30 11 1 37 39 73 79 38 51 20 54 23 81 84 50 48 19 7 33 56 87 18 58 62 15 83 72 71 80 41 66 26 42 46 28 5 32 76 86 85 2 75 60 14 77 74 61 68 45 36 55 24 29 82 16 3 13 40 47 43 49 89 69 10 
35
5 21 27 17 22 29 35 19 23 1 14 30 26 31 16 32 15 7 3 13 24 2 20 4 9 10 11 12 8 34 33 25 18 28 6 
100
76 34 35 60 88 47 61 72 18 51 62 12 4 78 2 69 95 70 28 6 3 41 43 54 5 14 50 15 27 20 55 99 86 53 33 77 21 10 94 81 68 83 79 82 17 98 90 31 8 45 58 80 64 57 23 97 59 56 63 73 46 1 91 96 32 74 39 37 26 92 66 44 75 30 11 22 24 40 13 84 89 25 36 48 87 93 9 65 100 7 52 29 49 67 16 85 19 71 38 42 
96
39 4 13 9 69 45 3 63 47 59 86 29 42 6 38 43 51 24 28 5 78 15 90 20 61 95 91 85 72 7 2 76 96 17 84 75 57 92 30 66 40 93 81 25 12 80 77 71 31 33 34 52 21 35 36 1 50 22 88 68 87 27 56 55 83 11 32 41 8 94 67 26 44 53 74 18 60 82 19 70 79 37 46 23 48 73 58 10 54 49 62 14 16 65 64 89 
24
3 8 7 14 4 22 18 21 5 24 16 10 6 12 11 2 15 13 23 9 20 1 19 17 
61
38 2 40 37 60 51 50 20 19 49 41 35 22 13 45 14 43 24 29 1 11 27 23 53 54 15 25 3 59 8 6 55 21 18 61 5 32 44 52 31 34 30 17 57 36 33 58 4 9 16 42 28 10 39 48 12 47 56 26 46 7 
97
19 74 3 82 42 46 55 24 54 56 30 27 20 92 78 60 33 66 35 80 44 45 17 40 7 75 59 70 50 41 8 93 97 32 39 14 96 64 49 89 6 73 72 18 28 34 9 58 48 65 21 11 4 63 69 12 36 94 38 5 85 16 68 61 76 1 91 15 53 31 10 2 26 90 83 47 81 71 87 13 43 22 95 23 86 62 51 29 37 57 79 77 25 84 52 67 88 
36
17 28 35 15 23 18 1 5 24 20 25 12 10 29 14 30 16 33 27 34 22 19 3 31 11 8 4 32 36 13 6 21 7 9 2 26 
31
1 31 30 24 25 23 11 18 8 28 15 6 20 17 26 16 12 7 14 13 19 2 21 10 3 5 29 22 27 9 4 
47
43 2 31 18 36 44 4 34 20 9 6 7 14 32 10 35 30 37 3 28 47 29 1 41 38 16 17 19 23 21 46 26 27 39 33 25 11 8 15 5 40 42 22 45 13 12 24 
28
2 3 25 10 27 17 21 24 28 6 1 12 8 5 13 14 19 20 22 4 23 9 16 15 11 7 26 18 
74
58 54 72 32 65 17 70 57 28 7 21 26 12 5 34 53 40 38 61 39 69 1 22 46 15 30 67 56 6 44 35 24 43 16 64 31 9 47 37 42 63 45 73 52 13 27 62 10 23 41 68 3 19 50 55 51 20 74 49 2 8 18 66 25 48 33 59 36 71 14 29 11 4 60 
83
26 72 45 53 2 58 64 39 46 65 54 62 38 51 47 79 11 80 14 78 5 49 25 35 61 3 66 21 40 52 22 33 16 44 36 9 48 67 10 63 30 42 15 77 71 27 55 43 76 41 1 24 59 56 4 19 70 57 37 75 69 31 17 29 12 82 8 74 28 20 34 83 81 23 60 7 13 50 68 32 18 73 6 
70
37 61 49 52 25 67 43 26 46 22 57 39 58 55 70 68 66 31 13 50 51 62 3 47 60 54 17 27 5 14 53 29 44 20 1 64 41 7 48 18 10 65 69 34 19 23 24 63 12 32 45 15 16 6 35 9 38 56 4 11 36 28 2 59 8 33 21 42 30 40 
59
42 55 9 18 28 24 7 26 40 48 27 15 20 23 44 22 1 47 57 54 35 17 10 4 11 56 59 51 34 16 19 38 32 46 25 36 2 3 58 8 30 37 39 29 52 14 41 31 43 5 12 21 50 33 45 53 49 6 13 
4
3 4 2 1 
9
7 9 8 2 5 4 3 6 1 
47
27 46 1 10 13 31 2 44 22 42 16 37 6 9 34 38 39 15 32 17 7 30 18 21 12 43 28 4 14 45 35 25 40 23 11 36 3 41 19 24 20 29 33 26 8 47 5 
44
28 30 8 27 16 19 14 15 41 4 9 38 12 25 21 32 31 11 29 18 44 36 7 23 24 40 35 33 17 5 42 10 22 34 13 2 26 20 3 43 6 1 39 37 
49
2 4 6 43 5 26 24 47 19 35 31 8 39 32 30 16 38 48 1 7 37 12 14 45 27 34 49 40 18 13 20 28 9 25 10 11 36 23 44 21 29 15 3 46 42 17 33 22 41 
46
33 26 37 19 4 11 38 39 30 34 36 17 25 29 42 20 22 16 41 9 2 24 18 8 5 14 6 27 21 23 35 3 15 31 12 43 44 7 32 46 40 13 1 45 28 10 
67
35 65 67 33 55 8 14 29 42 21 12 50 27 53 46 57 43 6 64 54 52 24 44 10 34 2 32 61 23 45 13 22 28 36 5 63 30 51 15 25 31 39 62 20 3 9 48 66 40 41 19 56 26 18 60 49 16 17 38 11 1 59 58 37 47 7 4 
60
40 60 38 57 23 10 35 16 5 18 21 47 44 31 29 17 50 55 26 14 22 24 13 27 58 2 1 20 9 4 37 32 11 36 34 7 19 53 56 45 59 46 43 6 15 8 48 33 49 42 54 39 41 12 25 52 30 3 28 51 
44
29 11 14 19 13 22 39 28 21 2 25 36 15 35 38 27 17 7 20 4 9 3 8 18 12 42 44 31 10 23 41 34 40 43 24 16 6 30 33 1 37 5 32 26 
58
25 39 27 45 11 8 43 51 56 29 24 4 46 34 20 19 50 53 52 48 28 6 35 38 12 40 33 32 31 54 23 47 9 57 7 3 14 21 5 55 41 22 2 58 10 42 26 15 1 37 13 36 49 16 17 18 30 44 
91
85 46 3 39 17 20 58 27 72 79 73 74 28 80 82 59 33 67 5 45 9 63 11 2 71 69 22 43 52 34 47 23 6 55 29 7 25 83 87 65 48 88 14 51 4 90 35 42 78 44 15 53 38 76 89 41 60 21 12 70 26 77 10 1 24 57 81 91 64 8 61 50 68 54 16 56 36 84 19 75 37 86 18 30 62 40 32 13 66 49 31 
53
38 18 24 48 52 19 45 51 50 22 47 34 29 2 12 53 17 44 11 7 26 39 41 20 21 10 33 46 1 35 23 9 27 5 43 13 30 31 28 49 4 3 15 14 16 32 37 25 42 36 40 6 8 
5
4 2 5 3 1 
70
35 36 43 2 60 62 5 15 12 68 14 67 59 13 1 70 16 26 46 54 24 45 51 40 29 47 53 69 17 11 28 57 38 56 58 27 22 6 8 19 10 20 63 7 4 21 18 42 30 31 32 3 52 44 66 55 49 61 41 25 33 23 64 48 39 50 65 37 9 34 
33
19 11 13 4 10 3 8 1 26 30 22 18 14 12 32 33 21 9 27 17 28 20 6 15 16 31 24 2 5 29 23 7 25 
25
25 5 3 17 2 12 14 7 24 4 6 22 11 13 9 21 18 23 1 10 8 20 16 15 19 
98
60 50 41 47 94 78 80 28 23 6 85 20 9 57 17 36 55 48 33 44 49 98 77 68 43 22 79 5 62 97 75 82 51 13 93 31 16 27 35 67 92 96 15 59 1 18 7 56 30 46 87 76 88 52 45 10 24 4 72 54 34 65 21 26 70 71 8 84 86 40 38 58 63 39 25 95 29 12 42 53 90 69 89 32 83 74 81 14 3 11 19 64 91 37 66 61 73 2 
82
7 36 46 63 26 3 5 68 34 20 77 17 47 74 4 40 76 82 73 50 42 62 78 38 75 13 43 32 10 33 71 9 44 67 24 8 31 23 28 65 16 69 12 45 18 49 79 59 54 1 58 81 72 27 15 29 2 19 70 55 52 11 41 37 64 25 51 39 14 48 22 56 61 80 57 53 6 21 30 60 35 66 
